SYMBOL,SERIES,OPEN,HIGH,LOW,CLOSE,LAST,PREVCLOSE,TOTTRDQTY,TOTTRDVAL,TIMESTAMP,TOTALTRADES,ISIN
20MICRONS,EQ,35.7,35.7,34.7,35,35,34.8,30074,1054553.65,31-MAR-2017,197,INE144J01027
3IINFOTECH,EQ,4.9,5.15,4.85,5.05,5.1,4.9,2512394,12548935.35,31-MAR-2017,920,INE748C01020
3MINDIA,EQ,11324,12000,11201.05,11567.55,11460.25,11243.8,2308,26963163.15,31-MAR-2017,981,INE470A01017
63MOONS,EQ,75.3,75.9,75,75.4,75.5,75.55,36390,2740923.65,31-MAR-2017,988,INE111B01023
8KMILES,EQ,604,611.8,604,606.15,607.95,602,35263,21448796.75,31-MAR-2017,1120,INE650K01021
A2ZINFRA,EQ,43.1,44.85,43.05,43.4,43.4,43.3,943972,41480497.85,31-MAR-2017,4665,INE619I01012
AARTIDRUGS,EQ,570,585,570,575.9,574,570.75,5622,3249549.25,31-MAR-2017,689,INE767A01016
AARTIIND,BL,755,755,755,755,755,758,253217,191178835,31-MAR-2017,1,INE769A01020
AARTIIND,EQ,763.2,768.9,755.05,765.55,766.35,753.2,143505,109318313.75,31-MAR-2017,8193,INE769A01020
AARVEEDEN,EQ,75.2,75.2,73.5,74.35,73.55,75.85,8426,630135.4,31-MAR-2017,109,INE273D01019
ABAN,EQ,223,228.4,222.5,225.15,225,222.05,1433099,323470566.3,31-MAR-2017,15080,INE421A01028
ABB,EQ,1245,1292,1242,1279.9,1280,1263.2,196449,250560598.6,31-MAR-2017,6339,INE117A01022
ABBOTINDIA,EQ,4640,4659.95,4574.75,4642.6,4630,4560,25401,116797359.9,31-MAR-2017,1406,INE358A01014
ABFRL,BL,150,150,150,150,150,135,779000,116850000,31-MAR-2017,2,INE647O01011
ABFRL,EQ,150.5,169.95,150.5,153.85,154,150.95,704429,111399928.35,31-MAR-2017,4645,INE647O01011
ABGSHIP,BZ,20.2,20.45,18.8,20.05,20.45,19.75,38601,765207.7,31-MAR-2017,198,INE067H01016
ABIRLANUVO,EQ,1535,1537.7,1514,1518.45,1521.5,1530.05,128632,195937115.5,31-MAR-2017,7898,INE069A01017
ABMINTLTD,BE,60.6,60.6,60.6,60.6,60.6,57.75,20,1212,31-MAR-2017,2,INE251C01017
ACC,EQ,1422.1,1450,1422.1,1446.05,1450,1418.95,425733,614334022.15,31-MAR-2017,20478,INE012A01025
ACCELYA,EQ,1450,1465,1442,1451.35,1450,1444.25,1794,2607165.7,31-MAR-2017,332,INE793A01012
ACE,EQ,60.1,60.9,58.8,59.75,59.4,61,316273,18875321.3,31-MAR-2017,1598,INE731H01025
ADANIENT,EQ,106.35,110.2,105.2,108.55,108.4,105.8,6986469,755221505.95,31-MAR-2017,26275,INE423A01024
ADANIPORTS,EQ,342,342.7,336,339.6,340.9,339.3,3417463,1158582165.6,31-MAR-2017,38884,INE742F01042
ADANIPOWER,EQ,40.3,40.4,39.8,39.9,39.9,39.9,5868951,235196182.5,31-MAR-2017,6707,INE814H01011
ADANITRANS,EQ,65.6,65.75,63.8,64.15,63.9,65,1053525,68119936.65,31-MAR-2017,5131,INE931S01010
ADFFOODS,EQ,175.1,178.5,172.55,173.35,174.35,174.65,77515,13602281.3,31-MAR-2017,1345,INE982B01019
ADHUNIK,EQ,6.95,7.05,6.8,6.85,6.85,6.95,34226,235998.65,31-MAR-2017,467,INE400H01019
ADHUNIKIND,EQ,106.3,106.3,104,104.7,104.55,105.4,26712,2806108.05,31-MAR-2017,102,INE452L01012
ADLABS,EQ,81.1,82.4,78.25,78.5,78.9,81.95,749184,59624805.85,31-MAR-2017,4064,INE172N01012
ADORWELD,EQ,300.5,315.9,300.5,311.75,307,306.4,12155,3784673.8,31-MAR-2017,283,INE045A01017
ADSL,BE,29.75,29.95,28.75,28.95,29.2,29.3,20088,582560.25,31-MAR-2017,77,INE102I01027
ADVANIHOTR,EQ,56.5,57,55.2,56.85,56.3,56.65,12051,679751.8,31-MAR-2017,103,INE199C01026
ADVENZYMES,EQ,2069,2108,2046,2059.45,2060,2068.7,98542,204817191.65,31-MAR-2017,5969,INE837H01012
AEGISCHEM,EQ,196.9,201,192.1,194.6,192.85,195.2,377303,74376450.25,31-MAR-2017,5751,INE208C01025
AFL,EQ,71,72.9,71,71.3,71.5,72.15,15072,1085051,31-MAR-2017,153,INE020G01017
AGARIND,BE,589.95,610,577.5,607.15,603,590.05,11252,6641943.45,31-MAR-2017,97,INE204E01012
AGCNET,EQ,84.1,94,84.1,92.3,93,85,29140,2617586.85,31-MAR-2017,363,INE676A01019
AGRITECH,EQ,38.75,39.4,37.65,38.25,38.95,38.05,8458,325716.55,31-MAR-2017,62,INE449G01018
AGROPHOS,SM,21.75,22.5,21.5,22,22.5,21.8,342000,7512300,31-MAR-2017,27,INE740V01019
AHLEAST,EQ,213.3,219.8,213.3,217.1,217.1,216.55,395,86225.6,31-MAR-2017,43,INE926K01017
AHLUCONT,EQ,309,316.9,309,313.75,310.5,312.35,20025,6250531.25,31-MAR-2017,516,INE758C01029
AHLWEST,EQ,220,223.05,220,223.05,223,225.6,179,39855.35,31-MAR-2017,20,INE915K01010
AIAENG,EQ,1553.4,1650,1530.8,1587.85,1550,1553.4,86814,136938214.75,31-MAR-2017,6644,INE212H01026
AIFL,EQ,396.4,400,389,395.5,393.9,398.35,110862,43924385.85,31-MAR-2017,1801,INE428O01016
AIRAN,SM,72,72,67.75,67.75,67.75,75.25,198000,13460550,31-MAR-2017,63,INE645W01018
AJANTPHARM,EQ,1761.6,1780,1751.05,1760.55,1760,1754.4,44360,78010720.15,31-MAR-2017,3789,INE031B01049
AJMERA,EQ,208.6,208.7,203.05,204,203.9,207.45,80047,16457163.95,31-MAR-2017,1702,INE298G01027
AKASH,SM,127.9,127.9,127.8,127.9,127.9,128,100000,12789800,31-MAR-2017,9,INE737W01013
AKSHARCHEM,EQ,738.4,738.4,725,727,725,732.2,9512,6963625.1,31-MAR-2017,261,INE542B01011
AKSHOPTFBR,EQ,22.1,22.6,21,21.25,21.3,22.1,1864273,40484722,31-MAR-2017,3999,INE523B01011
AKZOINDIA,EQ,1865,1925,1838.5,1912.1,1920,1863.8,80326,151364387.4,31-MAR-2017,2518,INE133A01011
ALANKIT,EQ,22.6,24.8,22.5,23.55,23.4,22.95,697155,16557415.6,31-MAR-2017,1565,INE914E01040
ALBERTDAVD,EQ,323.85,323.9,316.1,317.55,318.95,318.8,6168,1966086.45,31-MAR-2017,145,INE155C01010
ALBK,EQ,72.8,74.6,72.6,73.45,73.4,72.85,3064535,225375700.75,31-MAR-2017,9416,INE428A01015
ALCHEM,EQ,23.9,23.9,23,23.2,23.2,23.2,56763,1320669.85,31-MAR-2017,251,INE964B01033
ALEMBICLTD,EQ,36.7,36.85,36,36.65,36.65,36.55,1024588,37322480.5,31-MAR-2017,2460,INE426A01027
ALICON,EQ,452.95,457.9,447,451.35,451.05,444.8,9429,4274070.5,31-MAR-2017,233,INE062D01024
ALKALI,EQ,77.1,77.1,75.8,76.05,76,76.95,8771,670590.15,31-MAR-2017,130,INE773I01017
ALKEM,EQ,2173,2224,2154.05,2204.9,2190,2172.75,45532,99681870.65,31-MAR-2017,4172,INE540L01014
ALKYLAMINE,EQ,454.45,466,443.9,452.4,456,449.55,25926,11720705.2,31-MAR-2017,2012,INE150B01021
ALLCARGO,EQ,170,171.25,166.3,168.35,167,169.25,144679,24468160.05,31-MAR-2017,1749,INE418H01029
ALLSEC,EQ,369,375,353,370.85,370,359.8,14627,5429390.1,31-MAR-2017,599,INE835G01018
ALMONDZ,EQ,14.4,17.7,14.1,17.7,17.7,14.75,114031,1926528.05,31-MAR-2017,301,INE326B01027
ALOKTEXT,EQ,3,3,2.95,2.95,3,2.95,1837872,5460781.6,31-MAR-2017,589,INE270A01011
ALPA,BE,42,42,40.15,40.9,40.4,40.35,119022,4807580.5,31-MAR-2017,49,INE385I01010
ALPHAGEO,EQ,895.55,910.35,887,890.7,894.5,902.05,18524,16592900.75,31-MAR-2017,853,INE137C01018
ALPSINDUS,EQ,6.35,6.7,6.35,6.6,6.5,6.3,54225,353940.3,31-MAR-2017,85,INE093B01015
AMARAJABAT,EQ,871.3,894,871.3,890.05,894,870.3,525835,466412877.95,31-MAR-2017,17137,INE885A01032
AMBIKCO,EQ,1300.05,1324,1300,1304.75,1300,1324.6,1297,1696644.45,31-MAR-2017,237,INE540G01014
AMBUJACEM,EQ,234,237.45,232.55,236.65,237.2,234,2172143,514074416.7,31-MAR-2017,23651,INE079A01024
AMDIND,EQ,29.25,29.7,27.5,29.35,29.7,29.1,15134,444264.6,31-MAR-2017,79,INE005I01014
AMRUTANJAN,EQ,588,594.9,582,590.9,591.5,590.2,12615,7413748.05,31-MAR-2017,832,INE098F01023
AMTEKAUTO,EQ,33.5,33.6,33.05,33.25,33.1,33.4,1068273,35560605.2,31-MAR-2017,2767,INE130C01021
AMTL,EQ,24.25,24.95,23.6,24.85,24.9,23.9,15178,365271,31-MAR-2017,70,INE436N01029
ANANDAMRUB,EQ,17.9,17.9,17.9,17.9,17.9,17.05,100,1790,31-MAR-2017,1,INE618N01014
ANANTRAJ,EQ,48,48.9,47.5,47.75,47.8,47.7,765497,36893034.5,31-MAR-2017,3260,INE242C01024
ANDHRABANK,EQ,57.6,58.55,57.25,57.95,58.1,57.25,4503006,260469251.75,31-MAR-2017,8076,INE434A01013
ANDHRACEMT,BE,9.05,9.1,8.7,9,8.85,8.7,290486,2626662.25,31-MAR-2017,259,INE666E01012
ANDHRSUGAR,EQ,301.65,315,300.8,309.45,308.5,299.85,116364,36089656.55,31-MAR-2017,2372,INE715B01013
ANGIND,EQ,8.85,9.1,8.7,8.9,8.85,8.95,44279,396163.95,31-MAR-2017,118,INE017D01010
ANIKINDS,BE,28,28,28,28,28,27,100,2800,31-MAR-2017,1,INE087B01017
ANKITMETAL,EQ,1.7,1.75,1.7,1.75,1.75,1.65,21577,37191.8,31-MAR-2017,22,INE106I01010
ANSALAPI,EQ,15.05,15.35,15.05,15.15,15.1,15.15,139363,2120596.25,31-MAR-2017,526,INE436A01026
ANSALHSG,EQ,24.3,25,23.5,24.45,24.6,24.15,44913,1097340.3,31-MAR-2017,250,INE880B01015
ANTGRAPHIC,BE,1.25,1.3,1.2,1.3,1.3,1.25,51501,64201.2,31-MAR-2017,31,INE414B01021
APARINDS,EQ,744.6,755,735.95,749.55,750,738.15,88607,66184753.05,31-MAR-2017,3074,INE372A01015
APCOTEXIND,EQ,323.8,325,319.2,320.55,320,323.2,13965,4503007,31-MAR-2017,164,INE116A01024
APLAPOLLO,EQ,1187.65,1187.65,1171,1174.45,1171.5,1184.9,4201,4943128.3,31-MAR-2017,301,INE702C01019
APLLTD,EQ,605.95,630,595.15,627.45,626,606.9,102983,64012249.9,31-MAR-2017,5310,INE901L01018
APOLLOHOSP,EQ,1155.25,1173.9,1155.25,1165.15,1165.3,1155.75,550326,640065897.6,31-MAR-2017,34636,INE437A01024
APOLLOTYRE,EQ,208.9,210.9,207.6,208.7,208.4,207.9,1893678,395986174.6,31-MAR-2017,18975,INE438A01022
APTECHT,EQ,234,235.7,229.5,230.9,231.95,232.8,366296,85225966.5,31-MAR-2017,5093,INE266F01018
ARCHIDPLY,EQ,71.2,71.2,68.2,69.85,69.9,70.6,39312,2740322.05,31-MAR-2017,483,INE877I01016
ARCHIES,EQ,23.95,23.95,23,23.25,23.3,23.65,153388,3564772,31-MAR-2017,416,INE731A01020
ARCOTECH,EQ,521,540,516,527.2,525.1,521.75,47694,25185030.7,31-MAR-2017,1722,INE574I01027
ARIES,EQ,149.45,158.7,149.25,154.45,154.9,148.65,137507,21310260.45,31-MAR-2017,2204,INE298I01015
ARIHANT,BE,47,49.9,45.25,46.6,45.7,47.6,760,34874.65,31-MAR-2017,15,INE413D01011
ARIHANTSUP,EQ,114.25,123,113.1,120.4,118.9,109.15,733527,87090981.6,31-MAR-2017,2648,INE643K01018
ARMANFIN,EQ,191.3,191.3,185.5,186.65,187,188.15,30100,5653913.2,31-MAR-2017,375,INE109C01017
AROGRANITE,EQ,74,79.4,74,78.55,78.6,74.05,177789,13774876.75,31-MAR-2017,1967,INE210C01013
ARROWGREEN,EQ,420.5,423.15,416.55,418.65,418,419.75,15613,6570886,31-MAR-2017,406,INE570D01018
ARROWTEX,EQ,44.65,44.65,43.6,43.95,43.6,44.25,22714,1000417.2,31-MAR-2017,182,INE933J01015
ARSHIYA,BE,65.8,65.95,65,65.95,65.95,62.85,78328,5163493.1,31-MAR-2017,219,INE968D01022
ARSSINFRA,EQ,69.55,71.6,67.7,68.15,68.3,69.3,285295,19809019.95,31-MAR-2017,2854,INE267I01010
ARTNIRMAN,SM,27.5,27.5,27.5,27.5,27.5,26,6000,165000,31-MAR-2017,1,INE738V01013
ARVIND,EQ,391.5,396.25,389.5,394.95,395.4,390.85,916626,360104818.75,31-MAR-2017,18970,INE034A01011
ARVSMART,EQ,85.9,88.7,85.9,86.55,86.7,85.25,82497,7201073.35,31-MAR-2017,689,INE034S01021
ASAHIINDIA,EQ,211.95,221.9,209.2,217.5,217,211.25,64464,14056832.55,31-MAR-2017,910,INE439A01020
ASAHISONG,EQ,274,283.9,272.95,278.1,278.15,272.35,32500,9081009.35,31-MAR-2017,644,INE228I01012
ASAL,EQ,73.15,74.1,72.05,73.4,73.1,73.1,19202,1408039.05,31-MAR-2017,381,INE900C01027
ASHAPURMIN,EQ,69.15,71.7,69.15,69.2,69.5,68.65,96240,6712811.05,31-MAR-2017,608,INE348A01023
ASHIANA,EQ,222.55,227.5,222.5,226.5,225.5,222.2,74732,16849625.95,31-MAR-2017,1355,INE365D01021
ASHIMASYN,EQ,14.5,14.6,14.25,14.35,14.5,14.4,73450,1063397.85,31-MAR-2017,197,INE440A01010
ASHOKA,EQ,196,199.95,193.95,197,197,194.15,258825,51166321.8,31-MAR-2017,2749,INE442H01029
ASHOKLEY,EQ,83.8,85,83.15,84.55,84.75,83,10622310,894249688.9,31-MAR-2017,35001,INE208A01029
ASIANHOTNR,EQ,105,114,101.4,113.1,110,105,10162,1120117.05,31-MAR-2017,76,INE363A01022
ASIANPAINT,EQ,1070,1079.5,1065,1073.5,1070,1070.1,937954,1006976471.8,31-MAR-2017,30904,INE021A01026
ASIANTILES,EQ,365.15,377,362.3,368.15,370,364.75,121019,44724735.95,31-MAR-2017,2731,INE022I01019
ASPINWALL,BE,217.6,219,214,217.05,214,219.35,3083,668046.35,31-MAR-2017,27,INE991I01015
ASSAMCO,EQ,7.5,7.85,7.45,7.85,7.85,7.5,313777,2444700.45,31-MAR-2017,268,INE442A01024
ASTEC,EQ,605,616,601,603.4,602,602.8,21192,12851125.65,31-MAR-2017,852,INE563J01010
ASTRAL,EQ,564.9,565.15,542.55,547.65,543,559.55,91065,50477682,31-MAR-2017,4497,INE006I01046
ASTRAMICRO,EQ,111.9,113.9,110.25,111,111.1,111.2,410900,45775335.65,31-MAR-2017,2504,INE386C01029
ASTRAZEN,EQ,940,951.9,930,935.25,935,940.2,14020,13211709.8,31-MAR-2017,927,INE203A01020
ATFL,EQ,536.95,544.5,535.55,540.3,539.75,536.15,4207,2275332.95,31-MAR-2017,211,INE209A01019
ATLANTA,EQ,82.25,83.15,78.6,80.45,80.5,81.95,405604,33179388.8,31-MAR-2017,1901,INE285H01022
ATLASCYCLE,BE,401,418.8,390,418.8,418.8,398.9,16907,6998174,31-MAR-2017,495,INE446A01017
ATUL,EQ,2399,2430,2360,2391.85,2360,2405.65,115623,278010954.1,31-MAR-2017,2040,INE100A01010
ATULAUTO,EQ,457.8,470,457,466.95,470,454.95,46057,21417894,31-MAR-2017,1423,INE951D01028
AURIONPRO,EQ,125.2,125.9,122.6,124.1,123.9,123.35,50186,6253525.8,31-MAR-2017,561,INE132H01018
AUROPHARMA,EQ,673.4,677.4,670.2,675.2,675,671.7,1136533,766114621.45,31-MAR-2017,29849,INE406A01037
AUSOMENT,EQ,29.15,29.25,29.15,29.25,29.25,27.9,3920,114610,31-MAR-2017,10,INE218C01016
AUSTRAL,EQ,0.3,0.3,0.3,0.3,0.3,0.35,82500,24750,31-MAR-2017,6,INE455J01027
AUTOAXLES,EQ,724.95,724.95,703.65,707.05,709.9,719.65,12036,8571282.2,31-MAR-2017,907,INE449A01011
AUTOIND,EQ,57.8,58,55.6,56.3,56,56.1,27872,1583395.25,31-MAR-2017,222,INE718H01014
AUTOLITIND,EQ,52.8,53.9,52.5,52.95,53,53.05,24562,1303604.4,31-MAR-2017,115,INE448A01013
AVANTIFEED,EQ,716.05,740.5,712.95,737.5,740,718.1,69365,50786453,31-MAR-2017,2350,INE871C01020
AVTNPL,EQ,37.8,40.75,37.3,39.2,39.2,37.5,601844,23783181.95,31-MAR-2017,3068,INE488D01021
AXISBANK,EQ,499.7,503.7,488.8,490.8,490.8,499.25,6985211,3466305376.9,31-MAR-2017,142856,INE238A01034
AXISCADES,EQ,163,163.8,160.45,161.3,161,163,50008,8086491,31-MAR-2017,1337,INE555B01013
AXISGOLD,EQ,2599.95,2599.95,2585,2598,2598,2600,45,116598,31-MAR-2017,20,INF846K01347
AYMSYNTEX,EQ,79.8,79.8,78.5,79.1,79.45,78.65,52736,4175432.2,31-MAR-2017,194,INE193B01039
BAFNAPHARM,EQ,30.65,30.65,29.5,29.6,29.7,30.15,22289,665836.6,31-MAR-2017,156,INE878I01014
BAGFILMS,EQ,4.65,4.85,4.5,4.65,4.65,4.6,338743,1588794.15,31-MAR-2017,411,INE116D01028
BAJAJ-AUTO,EQ,2822.5,2832.7,2800,2805.45,2806,2822.85,227360,639840695.75,31-MAR-2017,29512,INE917I01010
BAJAJCORP,EQ,390,396.85,388.9,395,394.1,390.15,96849,38129727.8,31-MAR-2017,3095,INE933K01021
BAJAJELEC,EQ,322.8,322.8,311.35,313.05,313,320.7,175725,55457429.35,31-MAR-2017,2599,INE193E01025
BAJAJFINSV,EQ,4050,4120,4050,4098.4,4080,4060.6,65665,269234786.65,31-MAR-2017,10026,INE918I01018
BAJAJHIND,EQ,13.45,13.6,13.3,13.35,13.35,13.4,3018192,40545753.35,31-MAR-2017,2755,INE306A01021
BAJAJHLDNG,EQ,2101.35,2195,2084,2163.95,2170,2101.35,39868,85564707.3,31-MAR-2017,4538,INE118A01012
BAJFINANCE,EQ,1188,1188,1167.5,1171.1,1173.95,1181.05,474585,556416116.65,31-MAR-2017,20201,INE296A01024
BALAJITELE,EQ,89.9,101.25,89.5,95.3,96.1,89.7,2231546,215551739.1,31-MAR-2017,13537,INE794B01026
BALAMINES,EQ,384.95,390,375.95,378.95,376,381.75,14145,5410405.05,31-MAR-2017,850,INE050E01027
BALKRISHNA,EQ,83.15,83.95,81.05,81.7,81.6,82.35,66731,5481587.8,31-MAR-2017,809,INE875R01011
BALKRISIND,EQ,1412.15,1419.85,1380,1386.15,1385,1408.8,46515,64609616.85,31-MAR-2017,4120,INE787D01026
BALLARPUR,EQ,19.25,19.7,19.25,19.55,19.45,19.2,808533,15797183.6,31-MAR-2017,974,INE294A01037
BALMLAWRIE,EQ,236.4,238.8,234,234.75,235.2,234.45,115544,27297451.8,31-MAR-2017,2737,INE164A01016
BALPHARMA,EQ,88.85,88.9,87,87.15,87.1,87.9,17131,1498924.25,31-MAR-2017,226,INE083D01012
BALRAMCHIN,EQ,145.9,147.6,144.3,145.35,144.5,145.6,750002,109840413.1,31-MAR-2017,13087,INE119A01028
BANARBEADS,BE,74.1,78,74.1,78,78,76.95,483,37313,31-MAR-2017,21,INE655B01011
BANARISUG,EQ,1979.95,1990.25,1956.25,1976.95,1965.95,1948.45,895,1767229.65,31-MAR-2017,95,INE459A01010
BANCOINDIA,EQ,215.5,228.9,215.5,222.9,224,215.3,627056,140820295.35,31-MAR-2017,7839,INE213C01025
BANG,BE,45.3,45.5,44.05,45,45,45.3,3617,163040.85,31-MAR-2017,23,INE863I01016
BANKBARODA,EQ,173.1,174.9,171.1,172.95,173.3,173.65,7540833,1307255316.2,31-MAR-2017,42578,INE028A01039
BANKBEES,EQ,2215.5,2258.9,2166.55,2168.57,2166.8,2172.06,821,1785318.8,31-MAR-2017,86,INF732E01078
BANKINDIA,EQ,139.35,142.4,137.4,139.25,139.6,138.5,6049376,844938942.25,31-MAR-2017,26019,INE084A01016
BANSWRAS,EQ,163.9,164,161.1,161.9,161.1,163.65,3958,644493.85,31-MAR-2017,61,INE629D01012
BARTRONICS,EQ,13.6,14.45,13.6,14,14.15,14,96602,1358682.9,31-MAR-2017,259,INE855F01034
BASF,EQ,1335.55,1398.5,1313.05,1370.85,1391,1328.65,62192,84494641,31-MAR-2017,3559,INE373A01013
BASML,EQ,350,356.95,350,350,350,350.05,1014,355552.65,31-MAR-2017,24,INE186H01014
BATAINDIA,EQ,569,570.9,563.6,567.95,569.55,569.45,322253,182582425.5,31-MAR-2017,7279,INE176A01028
BAYERCROP,EQ,3800,3837,3775,3796.2,3780,3799,16983,64476219.7,31-MAR-2017,1528,INE462A01022
BBL,EQ,900,939,900,915.4,914,892.9,57959,53607391.55,31-MAR-2017,2955,INE464A01028
BBTC,EQ,858.5,868.9,848.75,853.35,854,852.8,166482,142969211.95,31-MAR-2017,6630,INE050A01025
BEARDSELL,BE,421,449.25,421,423.8,423.2,442.95,283,121320.2,31-MAR-2017,31,INE520H01014
BEDMUTHA,EQ,28.2,29,28.2,28.25,28.2,28.35,13712,389782.05,31-MAR-2017,117,INE844K01012
BEL,EQ,154,157.65,153.2,156.75,156.2,153.45,5443454,846211916.75,31-MAR-2017,60775,INE263A01024
BEML,EQ,1314.9,1375,1312.15,1362,1363.2,1311.6,777650,1052096892.3,31-MAR-2017,21869,INE258A01016
BEPL,EQ,31.35,35.3,31.15,34.7,34.8,31.1,7074361,238961368.8,31-MAR-2017,14241,INE922A01025
BERGEPAINT,EQ,239.75,243.6,234.3,242.1,242.4,238,714610,171820878.2,31-MAR-2017,15842,INE463A01038
BFINVEST,EQ,167.4,169.5,164.6,165.65,167,166.45,61851,10352340.4,31-MAR-2017,906,INE878K01010
BFUTILITIE,EQ,449.5,459,436.65,442.15,445.5,448.65,1038355,467105540.65,31-MAR-2017,17227,INE243D01012
BGLOBAL,BE,11,11.65,10.55,11.5,11.65,11.1,67427,755395.4,31-MAR-2017,145,INE224M01013
BGRENERGY,EQ,138.45,139.6,138,138.3,138.4,138.15,63672,8835854.15,31-MAR-2017,829,INE661I01014
BHAGERIA,EQ,312.15,323.05,312.15,316.8,317.65,317.95,40651,12965051.15,31-MAR-2017,793,INE354C01027
BHANDARI,EQ,2.55,2.6,2.55,2.6,2.6,2.5,61141,158731.95,31-MAR-2017,80,INE474E01029
BHARATFIN,EQ,814.85,818.8,803.55,808.4,808,807.3,2781475,2253250445.2,31-MAR-2017,46850,INE180K01011
BHARATFORG,EQ,1029,1048,1025.55,1042.1,1045,1026.85,736017,764386729.25,31-MAR-2017,16455,INE465A01025
BHARATGEAR,EQ,117.05,122.8,113,115.65,118,117.05,19483,2279549.75,31-MAR-2017,440,INE561C01019
BHARATIDIL,EQ,9.9,10.05,9.7,9.8,9.7,9.85,170839,1700792.2,31-MAR-2017,130,INE673G01013
BHARATRAS,EQ,2942.05,3084.95,2890,2917,2900,2942.85,5181,15376059.15,31-MAR-2017,1045,INE838B01013
BHARATWIRE,EQ,95.4,99,95.3,96.75,97,94.6,230082,22408672.05,31-MAR-2017,945,INE316L01019
BHARTIARTL,EQ,350,352.3,345,350.05,348.25,351.2,5215911,1814949025.9,31-MAR-2017,57122,INE397D01024
BHEL,EQ,164,165.95,162.4,162.85,163,164.45,4660373,762872277.15,31-MAR-2017,35543,INE257A01026
BHUSANSTL,EQ,55.65,59.25,55.5,57.4,57.2,55.75,624024,36046148.65,31-MAR-2017,3167,INE824B01021
BIGBLOC,EQ,68.5,69.85,68.25,68.8,68.25,68.2,30350,2086909.8,31-MAR-2017,89,INE412U01017
BIL,EQ,521,534.95,521,525.85,523.25,526.7,12152,6442971.05,31-MAR-2017,398,INE828A01016
BILENERGY,EQ,0.65,0.65,0.65,0.65,0.65,0.6,10000,6500,31-MAR-2017,2,INE607L01029
BILPOWER,EQ,1.1,1.1,1.05,1.1,1.1,1.1,18323,19267.65,31-MAR-2017,6,INE952D01018
BINANIIND,EQ,70.25,75.3,70.2,73.4,72.95,70.25,190897,14017152.05,31-MAR-2017,2101,INE071A01013
BINDALAGRO,EQ,26.35,28.35,26.2,26.45,26.4,25.95,794361,21656266.95,31-MAR-2017,2833,INE143A01010
BIOCON,EQ,1138,1149,1129,1132.3,1131,1139.05,214254,243945660.25,31-MAR-2017,5425,INE376G01013
BIRLACABLE,EQ,40,40.2,38.65,39.2,39.25,39.45,5972,235494.05,31-MAR-2017,57,INE800A01015
BIRLACORPN,EQ,713.95,746,702.75,739.75,735,706.2,157226,115992721.05,31-MAR-2017,4006,INE340A01012
BIRLAMONEY,EQ,31.05,32,30.8,31.65,31.6,31.05,40926,1292899.4,31-MAR-2017,232,INE865C01022
BLBLIMITED,BE,7.5,7.5,7,7.2,7.2,7.15,3505,25487.5,31-MAR-2017,11,INE791A01024
BLISSGVS,EQ,178,179.7,175.8,176.65,176.4,176.85,194649,34656431.5,31-MAR-2017,2468,INE416D01022
BLKASHYAP,EQ,20.3,22,20.3,21.35,21.4,20.3,262797,5619278.55,31-MAR-2017,1028,INE350H01032
BLS,EQ,1720.1,1750,1704.75,1710.4,1710,1708.35,92162,158242089.05,31-MAR-2017,2944,INE153T01019
BLUEBLENDS,EQ,45.25,45.25,43.65,44.9,45,44.95,30975,1391063.1,31-MAR-2017,65,INE113O01014
BLUECHIP,BE,0.25,0.25,0.25,0.25,0.25,0.3,533,133.25,31-MAR-2017,2,INE657B01025
BLUECOAST,EQ,130,133.25,126.1,126.1,126.1,126.95,817,108525.95,31-MAR-2017,6,INE472B01011
BLUEDART,EQ,5215,5245,5125.5,5203.5,5160,5179.05,5339,27698260.15,31-MAR-2017,1358,INE233B01017
BLUEDART,N1,9.95,10,9.95,10,10,9.95,57733,577328.25,31-MAR-2017,5,INE233B08087
BLUEDART,N2,9.5,10.38,9.5,10.38,10.38,10.2,35476,359695.6,31-MAR-2017,3,INE233B08095
BLUEDART,N3,10.2,10.5,10.2,10.5,10.5,10.5,25342,260376,31-MAR-2017,9,INE233B08103
BLUESTARCO,EQ,674,699,670,692.4,692,668.3,305781,210512225.75,31-MAR-2017,13040,INE472A01039
BODALCHEM,EQ,158.5,162.9,157.5,160.5,160.8,157.15,1044346,167705533.05,31-MAR-2017,8225,INE338D01028
BOMDYEING,EQ,82.5,84.45,82.45,83,82.9,82.3,2401072,200390972.45,31-MAR-2017,10966,INE032A01023
BOSCHLTD,EQ,22660,23000,22600.05,22751.25,22681.05,22599.95,16558,377596390.8,31-MAR-2017,6387,INE323A01026
BPCL,EQ,644,658,642.05,649.85,649.45,640.65,2458379,1601528526.85,31-MAR-2017,70367,INE029A01011
BPL,EQ,73.95,75.25,72.7,73.4,73,73.75,498893,36894180.6,31-MAR-2017,3635,INE110A01019
BRFL,EQ,123,127.85,122.25,125.3,126,122.05,819930,102233849.45,31-MAR-2017,2594,INE589G01011
BRIGADE,EQ,235,248.4,228.75,231.55,229.75,234.6,740578,179730281.2,31-MAR-2017,7911,INE791I01019
BRITANNIA,EQ,3380,3432.95,3331.05,3374,3360,3395.15,198473,672162723.5,31-MAR-2017,13794,INE216A01022
BROOKS,EQ,136.45,136.65,134.2,134.75,135,135.4,25136,3394122.6,31-MAR-2017,486,INE650L01011
BSE,EQ,967.8,981,965.05,977.65,978,966.7,276768,269692969.55,31-MAR-2017,8617,INE118H01025
BSELINFRA,EQ,4.85,5.45,4.85,5.2,5.2,4.9,72681,370659.5,31-MAR-2017,129,INE395A01016
BSL,EQ,75.4,76,72.05,73.25,73,72.5,20001,1483916.35,31-MAR-2017,311,INE594B01012
BSLGOLDETF,EQ,2693.05,2724,2693.05,2714,2724,2730,7,18893.25,31-MAR-2017,3,INF209K01HT2
BSLIMITED,EQ,1.8,1.85,1.8,1.8,1.8,1.85,1839892,3325151.15,31-MAR-2017,616,INE043K01029
BSLNIFTY,EQ,97,103.3,97,100.95,100.95,96.99,1201,120930.21,31-MAR-2017,32,INF209K01IR4
BURNPUR,EQ,11.25,11.5,9.4,11,11.05,11.15,2077471,22958516.75,31-MAR-2017,2327,INE817H01014
BUTTERFLY,EQ,178,181,175.15,177.7,177.25,179.8,9332,1665326,31-MAR-2017,197,INE295F01017
BVCL,EQ,28.4,28.4,27.25,27.45,27.25,27.6,23257,647746,31-MAR-2017,71,INE139I01011
BYKE,EQ,184.15,186.95,183.3,185,186.35,184.05,128856,23846445.95,31-MAR-2017,1473,INE319B01014
CADILAHC,EQ,452.95,455,439.6,442,442.5,450.4,984841,439384399.2,31-MAR-2017,12313,INE010B01027
CAIRN,EQ,302.5,308.8,300,305.85,306.45,300,4427594,1350251451.65,31-MAR-2017,47371,INE910H01017
CAMLINFINE,EQ,89.6,90.4,89,89.5,89.65,89.35,109382,9814969.95,31-MAR-2017,1143,INE052I01032
CANBK,EQ,304.5,307.55,299.85,302.75,303.65,303.15,3114534,945813250.85,31-MAR-2017,24350,INE476A01014
CANDC,BE,34.95,35.3,33.9,35.3,35.3,33.65,72315,2542506.5,31-MAR-2017,185,INE874H01015
CANFINHOME,EQ,2092.7,2129.5,2071.05,2121.45,2113,2091.95,36974,77696673.95,31-MAR-2017,3373,INE477A01012
CANTABIL,EQ,74.9,80,72,76.4,76.1,73.15,22375,1713925.35,31-MAR-2017,246,INE068L01016
CAPF,EQ,744,799.25,741,782.5,783.15,740.85,1055293,820030948.55,31-MAR-2017,24245,INE688I01017
CAPLIPOINT,EQ,386.3,391.4,383.2,388.35,389,384.9,40964,15887662.35,31-MAR-2017,1059,INE475E01026
CAPTRUST,EQ,441,455,422.1,445.35,438,425.5,10869,4732100.5,31-MAR-2017,184,INE707C01018
CARBORUNIV,EQ,288.9,295,285.35,290.5,290.2,286.55,179918,52671096.1,31-MAR-2017,5718,INE120A01034
CAREERP,EQ,109,110.35,106,106.6,106.5,109.95,43120,4629395.25,31-MAR-2017,495,INE521J01018
CARERATING,EQ,1619,1721,1606.95,1692.7,1680,1619.95,94155,158269133.4,31-MAR-2017,3308,INE752H01013
CASTEXTECH,EQ,8.25,8.25,8,8,8.1,8.1,634505,5119084.9,31-MAR-2017,553,INE068D01021
CASTROLIND,EQ,432,435.95,431.1,432.4,432.1,429.05,1164259,504512555.2,31-MAR-2017,27384,INE172A01027
CCCL,EQ,3.75,3.8,3.65,3.75,3.75,3.75,51134,191030.9,31-MAR-2017,38,INE429I01024
CCHHL,EQ,12.15,12.5,12.1,12.25,12.15,12.3,37613,462582.35,31-MAR-2017,141,INE652F01027
CCL,EQ,332,346,331.9,343.9,342,329.15,78157,26597950.95,31-MAR-2017,6120,INE421D01022
CEATLTD,EQ,1319.9,1334.2,1310,1324.85,1327.5,1313.8,547431,724898958.35,31-MAR-2017,14998,INE482A01020
CEBBCO,EQ,13.35,13.4,13,13.3,13.35,13.2,36286,479238,31-MAR-2017,91,INE209L01016
CELEBRITY,EQ,15.35,16,15.3,15.8,15.75,15.4,277557,4381540.7,31-MAR-2017,573,INE185H01016
CELESTIAL,EQ,25.9,26.65,25.55,25.7,25.8,26.2,43615,1129821.6,31-MAR-2017,200,INE221I01017
CENTENKA,EQ,430.1,435.9,422.1,427.7,428.4,427.7,126226,54172257.85,31-MAR-2017,4962,INE485A01015
CENTEXT,EQ,5.45,5.45,5.25,5.4,5.4,5.4,57487,308182.75,31-MAR-2017,129,INE281A01026
CENTRALBK,EQ,104.4,107.2,103.75,105.65,105,104.7,4315831,456669041.1,31-MAR-2017,7111,INE483A01010
CENTUM,EQ,587.85,589.9,580.1,586.1,582,584.15,64144,37524679.95,31-MAR-2017,130,INE320B01020
CENTURYPLY,EQ,258,260,254.45,259.5,260,257.3,196879,50715179.7,31-MAR-2017,5346,INE348B01021
CENTURYTEX,EQ,1057,1068,1050.05,1053.15,1052.8,1047.85,543536,574918118.75,31-MAR-2017,10217,INE055A01016
CERA,EQ,2955,3041,2880,3016.25,3025,2967,28342,83875383.7,31-MAR-2017,3837,INE739E01017
CEREBRAINT,EQ,38.75,39,37.5,38.75,38.95,38.15,287033,11061081,31-MAR-2017,1109,INE345B01019
CESC,EQ,853.8,863.6,838.1,841.2,842.1,843.7,769946,653977338.1,31-MAR-2017,31086,INE486A01013
CGCL,EQ,52.5,56.3,51.6,55.65,56,52.5,312028,17205396.2,31-MAR-2017,841,INE180C01026
CGPOWER,EQ,77,78.4,75,77.65,77.8,76.8,2003215,154922718.5,31-MAR-2017,9843,INE067A01029
CHAMBLFERT,EQ,85,91,85,86.75,86.55,83.75,5503197,485728488.7,31-MAR-2017,29018,INE085A01013
CHEMFALKAL,EQ,290,295.4,285,289.95,288.55,289.75,50398,14649697.25,31-MAR-2017,1240,INE479E01028
CHENNPETRO,EQ,361,369.4,355.45,363.05,364.5,360.6,732364,266466451.3,31-MAR-2017,22561,INE178A01016
CHOLAFIN,EQ,967,975,961.25,965.05,964.85,960.6,569980,550736088.35,31-MAR-2017,11219,INE121A01016
CHROMATIC,EQ,2.8,2.8,2.75,2.8,2.8,2.8,101350,280686.05,31-MAR-2017,86,INE662C01015
CIGNITITEC,EQ,386.9,386.9,378,384.1,380,384.05,73149,27950745.55,31-MAR-2017,769,INE675C01017
CIMMCO,BE,93.7,98.6,93.7,93.8,93.7,98.6,138927,13092715.25,31-MAR-2017,738,INE184C01028
CINELINE,EQ,74.45,74.7,71,72.1,72.5,74.1,38223,2783029.6,31-MAR-2017,313,INE704H01022
CINEVISTA,BE,6.25,6.35,6,6.1,6.1,6.25,2170,13432.5,31-MAR-2017,15,INE039B01026
CIPLA,EQ,598,598.9,591,592.95,595,598.35,2242680,1329304689.4,31-MAR-2017,48689,INE059A01026
CLEDUCATE,BE,402,422.1,402,422.1,422.1,502,138262,57784320.1,31-MAR-2017,5729,INE201M01011
CLNINDIA,EQ,706.2,727.2,703.15,718.35,710.05,716.95,24642,17610350.55,31-MAR-2017,1430,INE492A01029
CMICABLES,EQ,166.95,173.75,161.5,171.65,171.2,165.5,362548,60237966.55,31-MAR-2017,4689,INE981B01011
CNOVAPETRO,EQ,23.45,23.45,21.55,21.8,21.6,22.85,8153,181760.05,31-MAR-2017,16,INE672K01025
COALINDIA,EQ,290,294.2,289.6,292.65,293,289.5,7016938,2051236588,31-MAR-2017,35975,INE522F01014
COFFEEDAY,EQ,233,233.85,230.15,232.4,232.6,232.6,71351,16587599.6,31-MAR-2017,1551,INE335K01011
COLPAL,EQ,1010,1011.95,990.95,995.5,992.5,1008.1,653621,653154412.65,31-MAR-2017,16715,INE259A01022
COMPINFO,EQ,36.9,37,32.8,36.65,36.85,36.05,132144,4744329.7,31-MAR-2017,641,INE070C01037
COMPUSOFT,EQ,11.35,12,11.35,11.8,12,11.75,52084,613343.8,31-MAR-2017,114,INE453B01029
CONCOR,EQ,1279.25,1288.1,1268.6,1273.7,1269,1267.8,341086,436164981.05,31-MAR-2017,16578,INE111A01017
CONSOFINVT,EQ,77.5,77.5,75.9,76.25,76.45,75.8,7029,535619.9,31-MAR-2017,58,INE025A01027
CONTROLPR,EQ,275,278,269.4,271.1,274,274.45,15710,4276124.75,31-MAR-2017,427,INE663B01015
CORALFINAC,BE,184,191,176.5,187.25,187.25,185.05,657,120921.9,31-MAR-2017,43,INE558D01013
CORDSCABLE,EQ,75.5,77.9,74.75,76.45,75.5,76.3,14597,1115718.45,31-MAR-2017,169,INE792I01017
COROMANDEL,EQ,317.1,323.85,310.25,311.85,311.8,311.3,541001,170085372.8,31-MAR-2017,20420,INE169A01031
CORPBANK,EQ,51.9,53.4,50.7,52.65,53,51.55,1182105,61701425.1,31-MAR-2017,3692,INE112A01023
COSMOFILMS,EQ,380.65,381,371.1,373,374,377.75,90573,34077363.4,31-MAR-2017,2170,INE757A01017
COUNCODOS,EQ,3.8,4.15,3.5,3.9,3.65,3.65,95243,366985.5,31-MAR-2017,195,INE695B01025
COX&KINGS,EQ,229.3,232,229.2,231.2,231.2,228.2,311486,71839522.05,31-MAR-2017,4320,INE008I01026
CPSEETF,EQ,27.65,28.3,27.64,28.21,28.22,27.93,23119772,651953619.22,31-MAR-2017,15950,INF457M01133
CREATIVEYE,EQ,3.85,3.85,3.7,3.7,3.7,3.7,525,2017.5,31-MAR-2017,3,INE230B01021
CREST,BE,179.5,187,171,176.5,175.25,179.8,6733,1184818,31-MAR-2017,73,INE559D01011
CRISIL,EQ,1904.3,1914,1899,1904.5,1905,1904.3,66682,127031838.2,31-MAR-2017,1648,INE007A01025
CROMPTON,EQ,213.85,224.45,209.4,216.95,215.3,211.6,1469618,316517813.9,31-MAR-2017,16250,INE299U01018
CROWN,SM,77.1,77.1,77.1,77.1,77.1,77.35,1000,77100,31-MAR-2017,1,INE491V01019
CTE,EQ,95.05,95.05,92.7,92.85,92.7,94.55,6292,587401.65,31-MAR-2017,48,INE627H01017
CUB,EQ,145,152.65,144.6,151.6,151.5,145,1078588,160996820.35,31-MAR-2017,15654,INE491A01021
CUMMINSIND,EQ,941.9,959.7,940.6,949.45,944.8,940.4,295036,280844740,31-MAR-2017,10631,INE298A01020
CUPID,EQ,333.9,335.9,326,328.25,327.5,332.15,84922,27978516.25,31-MAR-2017,909,INE509F01011
CURATECH,EQ,13.45,13.5,12.35,13,13,12.95,22336,292237.85,31-MAR-2017,57,INE117B01012
CYBERMEDIA,EQ,7.75,7.75,7.75,7.75,7.75,7.4,1142,8850.5,31-MAR-2017,2,INE278G01037
CYBERTECH,EQ,75,75.4,73.4,73.8,74.45,74.35,21463,1590945.25,31-MAR-2017,108,INE214A01019
CYIENT,EQ,471,475.45,466.1,467.5,466.1,474.8,18978,8943196.45,31-MAR-2017,1198,INE136B01020
DAAWAT,EQ,64.1,67.85,63.4,65.8,65.8,61.7,4322048,286224231.2,31-MAR-2017,20310,INE818H01020
DABUR,EQ,274,278.25,272.3,277.35,277.35,274.15,1190847,329188262.25,31-MAR-2017,26692,INE016A01026
DALMIABHA,EQ,1960,2020,1950,1965.7,1952.1,1956.55,152970,302247528.5,31-MAR-2017,9259,INE439L01019
DALMIASUG,EQ,175.45,178.9,173,173.5,173.5,174.2,188118,32966861.4,31-MAR-2017,2244,INE495A01022
DAMODARIND,EQ,80,80,77.3,79,79,79.8,630,49656.5,31-MAR-2017,17,INE497D01014
DATAMATICS,EQ,129,129,126.1,126.7,126.7,128.35,129730,16510928.25,31-MAR-2017,1880,INE365B01017
DBCORP,EQ,377.55,382.1,375.25,381.2,378.75,375.2,28582,10866987.2,31-MAR-2017,884,INE950I01011
DBL,EQ,356,358.65,347.5,349.75,350.5,352.65,147007,51929219.8,31-MAR-2017,2920,INE917M01012
DBREALTY,EQ,42.15,42.5,41.55,41.7,41.7,42,189768,7984521.55,31-MAR-2017,1125,INE879I01012
DCBBANK,EQ,168.35,171.75,167,170.25,170.55,168.35,1862331,316671091.3,31-MAR-2017,10966,INE503A01015
DCM,EQ,125.2,128.4,123,124.35,124.4,124.9,117343,14815381.3,31-MAR-2017,1428,INE498A01018
DCMSHRIRAM,EQ,293.5,298.7,291.3,295.35,296,291.4,120461,35523214.15,31-MAR-2017,2896,INE499A01024
DCW,EQ,31.15,31.35,30.3,30.6,30.7,31.15,546453,16865171.95,31-MAR-2017,1247,INE500A01029
DECCANCE,EQ,1164,1164,1109.85,1124.35,1129.95,1132.9,10138,11480929.85,31-MAR-2017,1289,INE583C01013
DEEPAKFERT,EQ,259.85,276.7,256.05,260.35,258,254.8,665376,177984715.9,31-MAR-2017,13057,INE501A01019
DEEPAKNTR,EQ,123.2,132.45,122.8,131.25,130.85,123.3,580065,75566041.2,31-MAR-2017,5609,INE288B01029
DEEPIND,EQ,329.9,335.9,326.5,329.3,328.7,325.05,244292,81115371.4,31-MAR-2017,4079,INE677H01012
DELTACORP,EQ,180.85,183.5,180.5,181.1,181,180.45,1814177,329962822.9,31-MAR-2017,12064,INE124G01033
DELTAMAGNT,EQ,37.25,37.25,37.25,37.25,37.25,37.25,190,7077.5,31-MAR-2017,1,INE393A01011
DEN,EQ,81.45,83.25,81.4,82.7,83,81.4,49449,4074592.5,31-MAR-2017,556,INE947J01015
DENABANK,EQ,37.85,39.4,37.55,38.3,38.25,37.65,1840312,70876733.8,31-MAR-2017,5061,INE077A01010
DENORA,EQ,237.8,237.8,226.5,227.35,227,228.65,3237,745444.35,31-MAR-2017,177,INE244A01016
DFMFOODS,EQ,1747.85,1750,1714.5,1738.9,1740,1728.65,994,1728913.1,31-MAR-2017,88,INE456C01012
DHAMPURSUG,EQ,221,223.7,216.2,216.85,218.05,219.95,336739,74099199.5,31-MAR-2017,2821,INE041A01016
DHANBANK,EQ,26.8,31,26.6,29.75,30,26.75,5403278,159179515.55,31-MAR-2017,10679,INE680A01011
DHANUKA,EQ,790,800,786.1,795.25,789,793,29914,23774580.05,31-MAR-2017,11452,INE435G01025
DHARSUGAR,EQ,30.7,31.75,30.1,31.4,31.45,30.5,118729,3683815.55,31-MAR-2017,556,INE988C01014
DHFL,EQ,365,371.5,364,367.15,367,364.2,2015115,742582439.6,31-MAR-2017,21348,INE202B01012
DHFL,N6,1010,1013.95,1007.02,1007.02,1007.02,1010,558,564735.38,31-MAR-2017,8,INE202B07HP2
DHFL,N8,1049,1049,1030,1030,1030,1055,68,70534,31-MAR-2017,2,INE202B07HR8
DHFL,NB,1040,1040,1040,1040,1040,1020,180,187200,31-MAR-2017,7,INE202B07HU2
DHFL,NC,1056,1056,1056,1056,1056,1057,40,42240,31-MAR-2017,1,INE202B07HV0
DHFL,NL,1043,1043,1043,1043,1043,1048.99,25,26075,31-MAR-2017,1,INE202B07IK1
DHFL,NP,1046.65,1047,1046.3,1046.79,1046.3,1046.2,548,573659,31-MAR-2017,21,INE202B07IO3
DHUNINV,EQ,173.2,175,173.2,175,175,174.3,59,10234,31-MAR-2017,4,INE320L01011
DIAPOWER,EQ,35.5,35.5,34.1,34.6,34.4,35.85,1042841,36091027.9,31-MAR-2017,1357,INE989C01012
DICIND,EQ,470.05,473,465.5,466.55,466.35,468.8,1271,596674.6,31-MAR-2017,66,INE303A01010
DIGJAMLTD,EQ,11.45,11.65,11.35,11.55,11.5,11.55,122384,1408192.1,31-MAR-2017,208,INE731U01010
DISHMAN,EQ,300.9,303.95,285.6,288.7,286.95,299.6,1821394,535946233.15,31-MAR-2017,32782,INE353G01020
DISHTV,EQ,110,110,107,107.5,107.25,108.55,4243547,458477826,31-MAR-2017,13491,INE836F01026
DIVISLAB,EQ,625.5,629.5,622.55,623.85,623.1,622.95,943936,590450610.45,31-MAR-2017,27762,INE361B01024
DLF,EQ,150.65,150.65,148.1,148.65,148.8,149.25,4076648,607601338.15,31-MAR-2017,22220,INE271C01023
DLINKINDIA,EQ,140.5,141,139.1,139.6,139.7,139.7,104938,14699099.4,31-MAR-2017,2026,INE250K01012
DMART,EQ,634.4,652.3,630,637.85,637.3,631.85,2075789,1328449570.3,31-MAR-2017,36350,INE192R01011
DOLPHINOFF,EQ,124,130,123.6,128.45,128,124.45,349582,44645592.55,31-MAR-2017,4391,INE920A01011
DONEAR,EQ,78.85,80.4,75.1,78.45,78.1,77.65,150483,11857122.4,31-MAR-2017,1172,INE668D01028
DPL,EQ,76.4,76.4,75.4,75.8,75.5,75.7,8161,617817.8,31-MAR-2017,118,INE477B01010
DPSCLTD,EQ,43.2,44.8,43.2,44.55,44.55,43.15,49192,2178778.4,31-MAR-2017,119,INE360C01024
DQE,EQ,21.6,23.65,21.55,23.05,23.1,21.8,290702,6589293.05,31-MAR-2017,1005,INE656K01010
DREDGECORP,EQ,686.65,706.4,678.55,686.8,686,681.6,561628,389565427,31-MAR-2017,16586,INE506A01018
DRL,SM,38,38,38,38,38,33,3000,114000,31-MAR-2017,1,INE704V01015
DRREDDY,EQ,2614,2645,2614,2632.35,2632,2613.25,295041,776494336.3,31-MAR-2017,19869,INE089A01023
DSKULKARNI,EQ,55.6,56.95,55.45,56.1,55.5,55.65,13751,771569.75,31-MAR-2017,119,INE891A01014
DSSL,EQ,19.4,19.4,18,19.1,19.1,18.5,775,14938.5,31-MAR-2017,8,INE417B01040
DTIL,EQ,299,304.8,299,300.7,299.55,298.95,3029,911175.6,31-MAR-2017,54,INE341R01014
DUCON,EQ,40.35,41.5,39.9,39.95,39.9,41.95,191671,7749848.75,31-MAR-2017,741,INE741L01018
DWARKESH,EQ,438.6,447.5,438.6,440.4,442,437,145734,64567687.3,31-MAR-2017,2729,INE366A01033
DYNAMATECH,EQ,2777.45,2780,2705,2727.05,2709.25,2772.05,1211,3320868.3,31-MAR-2017,273,INE221B01012
EASTSILK,EQ,2.25,2.25,2.15,2.15,2.15,2.15,3840,8363,31-MAR-2017,11,INE962C01027
EASUNREYRL,BE,28.05,29,28.05,29,29,27.65,44200,1276134.15,31-MAR-2017,51,INE268C01029
ECEIND,EQ,235,237.95,228.1,231.45,230,236.2,778,180640.05,31-MAR-2017,29,INE588B01014
ECLERX,EQ,1398,1428.5,1377.55,1410.5,1420,1377.4,25160,35361457.05,31-MAR-2017,1153,INE738I01010
ECLFINANCE,N3,1086,1099,1086,1087.1,1087.1,1085,272,296613.66,31-MAR-2017,23,INE804I07SI2
ECLFINANCE,N4,1529.99,1530,1529.99,1529.99,1530,1500.01,200,305999.8,31-MAR-2017,2,INE804I07SJ0
ECLFINANCE,N5,1090.01,1099.75,1090.01,1099.43,1099.75,1097.49,328,360084.6,31-MAR-2017,13,INE804I08601
ECLFINANCE,NB,1030.5,1035,1030,1035,1035,1035,218,224672.75,31-MAR-2017,13,INE804I07ZL1
ECLFINANCE,NC,1075,1075,1015,1075,1075,1229,180,188100,31-MAR-2017,4,INE804I07ZM9
EDELWEISS,EQ,156.5,162.25,155.15,157.7,157.2,156.1,3854077,613628694.8,31-MAR-2017,31864,INE532F01054
EDL,EQ,52,52.95,51.25,51.65,51.5,52,23100,1200224.8,31-MAR-2017,199,INE180G01019
EDUCOMP,EQ,10.75,10.9,10.65,10.65,10.7,10.75,266238,2870374,31-MAR-2017,510,INE216H01027
EHFLNCD,N5,1060,1060,1045,1046.21,1046.21,1046.13,308,323111.12,31-MAR-2017,11,INE530L07210
EHFLNCD,N6,1091.05,1109,1091.05,1097.22,1096.1,1096.55,539,591779.35,31-MAR-2017,33,INE530L07228
EICHERMOT,EQ,25700,25814.9,25107.6,25587.5,25470,25658.55,56169,1430688904.15,31-MAR-2017,21203,INE066A01013
EIDPARRY,EQ,285.4,289.65,282.15,283.15,284,285.25,113373,32386854.7,31-MAR-2017,1983,INE126A01031
EIFFL,SM,82.4,92.75,82.4,89.85,88.2,78,180800,15844160,31-MAR-2017,113,INE546V01010
EIHAHOTELS,EQ,341.9,355,336.55,352.35,345.05,341.9,257,89335.25,31-MAR-2017,40,INE276C01014
EIHOTEL,EQ,120.55,121.75,119,120.45,120.85,120.55,75105,9062709.1,31-MAR-2017,882,INE230A01023
EIMCOELECO,BE,481.9,481.9,473.1,478,478,477.15,449,215017,31-MAR-2017,13,INE158B01016
EKC,EQ,34.4,37.55,34.4,36.7,37.1,34.05,1859658,66802776.1,31-MAR-2017,6036,INE184H01027
ELAND,EQ,22.1,22.4,21.6,22.05,22,22.2,104793,2296061.15,31-MAR-2017,294,INE311H01018
ELECON,EQ,53.25,53.9,52.5,52.75,52.75,53.05,147766,7872219.55,31-MAR-2017,1193,INE205B01023
ELECTCAST,EQ,33.25,35,33.2,34.45,34.6,33.1,1841539,63348787.35,31-MAR-2017,3985,INE086A01029
ELECTHERM,EQ,175.05,182.1,171,172.5,172.8,179.25,3337,584879.8,31-MAR-2017,119,INE822G01016
ELGIEQUIP,EQ,217.6,219.9,213.05,214.6,213.5,215.5,19507,4223852.75,31-MAR-2017,427,INE285A01027
ELGIRUBCO,EQ,53.8,55.2,53.7,54.35,54.55,54.05,31923,1740558.7,31-MAR-2017,210,INE819L01012
EMAMIINFRA,EQ,74,84.3,73.8,84.3,84.3,70.25,1061882,86148476.75,31-MAR-2017,9503,INE778K01012
EMAMILTD,EQ,1023.9,1086.05,1008.05,1064.35,1076,1020.05,1046235,1075000833.2,31-MAR-2017,17806,INE548C01032
EMCO,EQ,28.6,28.6,27.6,27.9,27.6,28.4,118227,3325559.05,31-MAR-2017,504,INE078A01026
EMKAY,EQ,79.15,81.65,77.65,80.15,79.7,80,40318,3234910.35,31-MAR-2017,463,INE296H01011
EMMBI,EQ,153.5,154,150,152,152.05,152.6,18986,2889899.05,31-MAR-2017,391,INE753K01015
ENDURANCE,EQ,755,774.7,745,768.5,765.4,749.5,209190,159926211.2,31-MAR-2017,8802,INE913H01037
ENERGYDEV,EQ,34.4,34.4,32.6,32.95,32.65,34,213433,7153633.05,31-MAR-2017,792,INE306C01019
ENGINERSIN,EQ,144.3,144.9,143.5,143.95,144.1,143.75,3293012,474232182.5,31-MAR-2017,17890,INE510A01028
ENIL,EQ,825,849,809.5,839,828,820.3,13858,11610558.55,31-MAR-2017,1389,INE265F01028
EON,EQ,67.7,68.8,66.6,67.3,67.25,67.75,25160,1691256,31-MAR-2017,156,INE076H01025
EQUITAS,EQ,165.75,172,165.15,169.55,169.8,164.3,6748633,1147934822.9,31-MAR-2017,36326,INE988K01017
EROSMEDIA,EQ,270,283.85,263.2,274.85,274.4,271.55,2638556,729105570.9,31-MAR-2017,32522,INE416L01017
ESABINDIA,EQ,614.35,614.35,587.2,607.15,608.8,605,4331,2622513.2,31-MAR-2017,313,INE284A01012
ESCORTS,EQ,539.5,549,533.55,538.75,538.2,535.15,1392705,753539003.45,31-MAR-2017,18942,INE042A01014
ESL,EQ,4.3,4.45,4.2,4.35,4.4,4.3,1796952,7747979.7,31-MAR-2017,477,INE481K01013
ESSARSHPNG,EQ,27.4,28.85,27.4,28,27.9,27.6,133205,3737803.8,31-MAR-2017,391,INE122M01019
ESSDEE,EQ,43.5,43.6,42.25,43.6,43.6,41.55,68674,2982312.65,31-MAR-2017,438,INE825H01017
ESSELPACK,EQ,235.05,239.5,234.05,237.65,237,234.2,121484,28926646.65,31-MAR-2017,6019,INE255A01020
ESTER,EQ,45.5,47.45,45.5,46.85,47,45.2,290093,13662298.5,31-MAR-2017,1545,INE778B01029
EUROCERA,EQ,6.45,6.45,6.45,6.45,6.45,6.15,10331,66634.95,31-MAR-2017,15,INE649H01011
EUROTEXIND,EQ,35,36,30.4,36,36,33.1,6604,224719.85,31-MAR-2017,81,INE022C01012
EVEREADY,EQ,251,265.05,251,262.3,261.05,251.1,361516,94288960.25,31-MAR-2017,4127,INE128A01029
EVERESTIND,EQ,226.85,232,222,227.5,226.6,222.3,89492,20360339.35,31-MAR-2017,1250,INE295A01018
EXCEL,EQ,37.1,37.15,36,36.3,36.4,37.25,61708,2252016.9,31-MAR-2017,506,INE688J01015
EXCELCROP,EQ,1729.9,1735,1700,1705.85,1700,1710.7,609,1038735.3,31-MAR-2017,134,INE223G01017
EXCELINDUS,EQ,393.95,395,374,380.7,379,388.45,10528,4056126.15,31-MAR-2017,399,INE369A01029
EXIDEIND,EQ,220.65,226.5,220.15,224.35,225.3,220.55,2452320,550465937.7,31-MAR-2017,34204,INE302A01020
FACT,EQ,39.3,43.35,38.45,41.6,41.3,36.55,5436645,224759857.05,31-MAR-2017,21818,INE188A01015
FAGBEARING,EQ,4427.4,4650,4427.4,4579.05,4600,4505.6,6362,28962713.85,31-MAR-2017,2029,INE513A01014
FAIRCHEM,EQ,559.45,566,541,554.25,559.5,556.4,5368,2996756.55,31-MAR-2017,308,INE959A01019
FARMAXIND,BE,0.1,0.1,0.05,0.1,0.1,0.05,107600,10759.95,31-MAR-2017,16,INE890I01035
FCL,EQ,34.6,35.1,33.9,34.1,33.9,34.6,119301,4110283.15,31-MAR-2017,453,INE045J01026
FCONSUMER,EQ,29.25,29.9,28.9,29.1,29.05,29,3958355,116437320.85,31-MAR-2017,6495,INE220J01025
FCSSOFT,BE,0.3,0.3,0.25,0.25,0.25,0.3,226773,58362.35,31-MAR-2017,38,INE512B01022
FDC,EQ,203.5,205,202.45,203.9,203.4,204.3,23863,4859665.1,31-MAR-2017,662,INE258B01022
FEDDERLOYD,EQ,85.5,86.4,82.15,83.1,83.2,85.5,344665,28987944.75,31-MAR-2017,2184,INE249C01011
FEDERALBNK,EQ,90.05,92,90.05,91.45,90.95,90.75,7827606,714908753.05,31-MAR-2017,34477,INE171A01029
FEL,EQ,28.9,30.5,28.25,30.25,30.35,28.95,4648468,138399025.85,31-MAR-2017,5315,INE623B01027
FELDVR,EQ,27.55,29,26.35,28.55,28.5,27.35,128897,3616407.35,31-MAR-2017,306,IN9623B01058
FIEMIND,EQ,935,975,934.1,963.65,960,930.45,150831,144293323.5,31-MAR-2017,6090,INE737H01014
FILATEX,EQ,118.45,121.4,115.8,119,120,117.7,278800,33236341.9,31-MAR-2017,1962,INE816B01019
FINCABLES,EQ,520,522,510.5,516.55,520,514.85,55317,28506092.65,31-MAR-2017,1827,INE235A01022
FINPIPE,EQ,572.5,582.4,566.95,578.95,580,569.3,157275,90972236.5,31-MAR-2017,4042,INE183A01016
FIRSTWIN,BE,2.75,2.75,2.75,2.75,2.75,2.85,1,2.75,31-MAR-2017,1,INE315J01015
FLEXITUFF,EQ,184,187,181.3,182.4,182,182.7,15612,2860187.85,31-MAR-2017,89,INE060J01017
FLFL,EQ,240.15,283,240.15,278.05,278.45,243.35,13977040,3593924570.45,31-MAR-2017,26123,INE452O01016
FMGOETZE,EQ,522,567,522,547.85,545,523.6,84193,46289418,31-MAR-2017,3115,INE529A01010
FMNL,EQ,71.25,74,70.6,73.45,74,71.65,67505,4943972.4,31-MAR-2017,850,INE360L01017
FORTIS,EQ,181.1,182.7,179.4,180.7,180.5,180.5,1181505,214313027.65,31-MAR-2017,10893,INE061F01013
FOSECOIND,EQ,1329.6,1360,1321,1354.95,1340,1327.95,1122,1511068.1,31-MAR-2017,197,INE519A01011
FOURTHDIM,SM,72,72,71.9,71.9,71.9,69.65,8000,575600,31-MAR-2017,2,INE382T01014
FRETAIL,BL,256,256,256,256,256,151.05,4100000,1049600000,31-MAR-2017,2,INE752P01024
FRETAIL,EQ,259,269.5,254,267.8,266.2,256.65,767796,202383746.2,31-MAR-2017,6585,INE752P01024
FSL,EQ,41.95,42.3,41.5,41.7,41.7,41.75,1867644,78466062.4,31-MAR-2017,5257,INE684F01012
GABRIEL,EQ,125.9,125.9,120.15,121.6,121,125.65,451948,55543157.3,31-MAR-2017,3309,INE524A01029
GAEL,EQ,120,120.7,117,118.8,120,119.4,91518,10913296.75,31-MAR-2017,979,INE036B01022
GAIL,EQ,378.7,381.65,375.3,376.95,376.45,379,1561982,590017707.8,31-MAR-2017,25068,INE129A01019
GAL,EQ,11.25,11.6,11,11,11.1,11.45,2992167,33046962.3,31-MAR-2017,278,INE482J01021
GALLANTT,EQ,39.15,43.1,39.1,42.1,41.55,39.15,735112,29111518.85,31-MAR-2017,1315,INE297H01019
GALLISPAT,EQ,412.15,415.15,405,408.55,405,416,1153,473280.4,31-MAR-2017,102,INE528K01011
GAMMNINFRA,EQ,4.15,4.2,4,4.05,4,4.15,1315523,5350310.4,31-MAR-2017,347,INE181G01025
GAMMONIND,EQ,9.9,9.95,9.6,9.65,9.7,9.8,496231,4839280.6,31-MAR-2017,761,INE259B01020
GANDHITUBE,EQ,333.45,335.95,330.1,334.7,334.75,331.3,2409,799759,31-MAR-2017,41,INE524B01027
GANECOS,EQ,222.2,225,213,215.85,216,223.95,20469,4506972.55,31-MAR-2017,864,INE845D01014
GANESHHOUC,EQ,81.85,87.6,81.5,84.15,84.5,81.4,200990,16935826.8,31-MAR-2017,1987,INE460C01014
GANGOTRI,EQ,0.7,0.7,0.65,0.65,0.65,0.7,340,221.25,31-MAR-2017,3,INE670B01028
GARDENSILK,EQ,31.85,32.7,31.85,32.25,32.3,32.15,48806,1573295.55,31-MAR-2017,299,INE526A01016
GARWALLROP,EQ,715.95,716,704,709.85,715,708.1,3062,2168789.85,31-MAR-2017,168,INE276A01018
GATI,EQ,143.8,143.8,139.5,140.45,140.05,143.05,648253,91707901.2,31-MAR-2017,5911,INE152B01027
GAYAPROJ,EQ,142.6,145,139.6,144.5,143.15,142.15,54801,7880616.65,31-MAR-2017,898,INE336H01023
GDL,EQ,253,258.5,251.5,252.8,252.6,252.9,429720,109563191,31-MAR-2017,9347,INE852F01015
GEECEE,EQ,126,127.05,124.9,125.55,126,126.9,18899,2379181,31-MAR-2017,271,INE916G01016
GEMINI,EQ,1.65,1.75,1.65,1.7,1.75,1.7,18669,31884.9,31-MAR-2017,22,INE878C01033
GENESYS,EQ,183.05,192,182.5,185.85,184.5,182.35,31128,5826005.4,31-MAR-2017,537,INE727B01026
GENUSPAPER,EQ,5.2,5.35,5.2,5.2,5.2,5.35,58660,308411.4,31-MAR-2017,89,INE949P01018
GENUSPOWER,EQ,41.25,42.1,40.2,40.5,40.75,40.9,594443,24364400.55,31-MAR-2017,923,INE955D01029
GEOJITFSL,EQ,53,59.5,52.85,59.15,58.9,52.7,1853637,107041421.95,31-MAR-2017,5061,INE007B01023
GEPIL,EQ,581,594.9,576.05,587.8,585,575.95,29857,17615155.85,31-MAR-2017,2904,INE878A01011
GESHIP,EQ,409,436.55,409,417,418.25,404.35,688910,291996924.2,31-MAR-2017,18047,INE017A01032
GET&D,EQ,313.25,341.5,313.15,328.35,326,313.9,661311,215534201,31-MAR-2017,11229,INE200A01026
GHCL,EQ,270,274,265,265.5,265.5,268.4,436385,117277370.75,31-MAR-2017,8933,INE539A01019
GICHSGFIN,EQ,373.55,373.6,362.2,365.65,366,370.85,102063,37746218.75,31-MAR-2017,2564,INE289B01019
GICL,SM,26,26,26,26,26,26,6000,156000,31-MAR-2017,1,INE947T01014
GILLANDERS,EQ,65.45,65.6,63.15,65.1,65,63.4,6815,440137.1,31-MAR-2017,68,INE047B01011
GILLETTE,EQ,4176.05,4280,4147.7,4219.15,4270,4179.65,27146,113754892.1,31-MAR-2017,2548,INE322A01010
GINNIFILA,EQ,35.25,36.35,34.65,35.45,35.3,35.25,215334,7688400.6,31-MAR-2017,1101,INE424C01010
GIPCL,EQ,102.95,103.5,102.45,103.05,103.45,102.85,106564,10974364.6,31-MAR-2017,1462,INE162A01010
GIRRESORTS,IT,241,243,241,243,0.0,253.5,20000,4836250,31-MAR-2017,4,INE316N01015
GISOLUTION,BE,4.7,4.9,4.7,4.9,4.9,4.7,400,1940,31-MAR-2017,2,INE065J01016
GITANJALI,EQ,66.6,67.15,65.65,65.95,65.75,66.1,282914,18789633.05,31-MAR-2017,3222,INE346H01014
GKWLIMITED,EQ,425.2,441,425.2,432.8,432.05,427.7,68,29608.1,31-MAR-2017,11,INE528A01020
GLAXO,EQ,2731.45,2779.9,2715,2744.55,2778,2731.45,12625,34555069,31-MAR-2017,1905,INE159A01016
GLENMARK,EQ,861,872.75,830,852.1,840.25,862.2,594005,510122048.3,31-MAR-2017,17775,INE935A01035
GLFL,BE,4.8,4.8,4.8,4.8,4.8,4.6,1000,4800,31-MAR-2017,1,INE540A01017
GLOBAL,SM,235.1,235.1,224,224,224,235,5000,1137100,31-MAR-2017,5,INE291W01011
GLOBALVECT,EQ,114,117.4,111.6,114.6,114.1,113.75,24203,2770239.9,31-MAR-2017,391,INE792H01019
GLOBOFFS,EQ,43.25,44.4,43,43.45,43.3,43.15,163899,7171926.6,31-MAR-2017,1059,INE446C01013
GLOBUSSPR,EQ,76.3,77.45,76,76.4,76,76.9,93449,7164818.7,31-MAR-2017,873,INE615I01010
GMBREW,EQ,474.95,478.7,470.95,473.4,473.5,471.15,30510,14473524.35,31-MAR-2017,896,INE075D01018
GMDCLTD,EQ,125,125.55,121.1,122.35,122.15,124.55,243151,30068220.2,31-MAR-2017,2423,INE131A01031
GMRINFRA,EQ,16.35,16.45,15.9,16,15.95,16.35,13052457,211446726.9,31-MAR-2017,7883,INE776C01039
GNA,EQ,212,221.6,211.5,218.9,218.3,213.75,89818,19594029.9,31-MAR-2017,1743,INE934S01014
GNFC,EQ,283.1,294.9,283,287.05,287.5,280.85,2058335,596271481.85,31-MAR-2017,19392,INE113A01013
GOACARBON,EQ,113.8,117.9,113.2,116.6,116.9,113.1,95388,11050121.9,31-MAR-2017,1861,INE426D01013
GOCLCORP,EQ,358,378,355.25,373,370,355.4,17738,6525781,31-MAR-2017,572,INE077F01035
GODFRYPHLP,EQ,1154,1158.95,1129.7,1133.1,1139.95,1142.85,51549,58767949.85,31-MAR-2017,2956,INE260B01028
GODREJCP,EQ,1669.9,1682,1655.05,1671.4,1680,1661.95,224096,373456580.9,31-MAR-2017,12943,INE102D01028
GODREJIND,EQ,506,507,501.45,505.2,504,502.45,316292,159581029.35,31-MAR-2017,6681,INE233A01035
GODREJPROP,EQ,387.8,390.2,380.2,385.05,386.5,384.55,198980,76421907.7,31-MAR-2017,4098,INE484J01027
GOENKA,BZ,0.6,0.65,0.6,0.65,0.65,0.65,5640,3664,31-MAR-2017,4,INE516K01024
GOKEX,EQ,70.3,71.8,65.75,70.45,70,67,2308404,159739664.85,31-MAR-2017,13141,INE887G01027
GOKUL,EQ,24.25,24.95,23.5,23.6,23.5,24.2,161448,3900944.4,31-MAR-2017,81,INE020J01029
GOKULAGRO,EQ,26.4,26.45,24.5,25.65,25.6,25.5,194592,4898501.55,31-MAR-2017,347,INE314T01025
GOLDBEES,EQ,2624,2624,2610.1,2612.85,2620,2626.9,4734,12371825.35,31-MAR-2017,759,INF732E01102
GOLDENTOBC,BE,75,77,74,74.9,75,76.55,20767,1558824.8,31-MAR-2017,78,INE973A01010
GOLDIAM,EQ,87.8,91,86,86.5,86.05,87.8,33198,2904707.8,31-MAR-2017,352,INE025B01017
GOLDINFRA,BE,78.9,78.9,74.15,75.3,75,76.3,81635,6320381.9,31-MAR-2017,193,INE260D01016
GOLDIWIN,EQ,270.8,272,267.25,268.7,268,270.8,495,133530.5,31-MAR-2017,41,INF109KB1WF4
GOLDSHARE,EQ,2590,2590,2580,2584.2,2584.7,2593.2,555,1433423.45,31-MAR-2017,98,INF789F01059
GOLDTECH,BE,10.8,11.8,10.75,11.3,11.3,11.25,4820,54290.75,31-MAR-2017,24,INE805A01014
GOODLUCK,EQ,82.7,85,82.2,84.4,84.8,82.35,39554,3321097.75,31-MAR-2017,420,INE127I01024
GPIL,EQ,103.35,122.5,101.2,117.95,115.6,103.45,598748,68368039.3,31-MAR-2017,4954,INE177H01013
GPPL,EQ,167,169.85,164.55,165.1,165,168.2,656070,108321271.05,31-MAR-2017,8299,INE517F01014
GPTINFRA,EQ,242,246.25,242,242.05,242,242,6262,1523731.95,31-MAR-2017,37,INE390G01014
GRANULES,EQ,140.4,140.8,138.5,138.85,138.65,139.1,827926,115549994.55,31-MAR-2017,9542,INE101D01020
GRAPHITE,EQ,111.05,113,110.65,112.1,112.3,111.35,255654,28566421.3,31-MAR-2017,949,INE371A01025
GRASIM,EQ,1070.2,1072,1046.45,1049,1050.2,1068.25,1607949,1694764974.5,31-MAR-2017,36464,INE047A01021
GRAVITA,EQ,53,53,48.5,50.95,51.1,51.85,1413580,71493376.05,31-MAR-2017,5938,INE024L01027
GREAVESCOT,EQ,174,176.15,173.5,174.55,174.5,172.8,230669,40303669,31-MAR-2017,3541,INE224A01026
GREENFIRE,BE,1.15,1.15,1.1,1.1,1.1,1.15,20280,22318,31-MAR-2017,14,INE217G01027
GREENLAM,EQ,669.8,669.8,650,658,658,657.15,745,489711.2,31-MAR-2017,56,INE544R01013
GREENPLY,EQ,277.75,285,275,279.05,284,275.85,345003,96300691.3,31-MAR-2017,5074,INE461C01038
GREENPOWER,EQ,9.7,9.9,9.65,9.7,9.7,9.7,126521,1232282.35,31-MAR-2017,189,INE999K01014
GRINDWELL,EQ,363,363,344.7,355.45,349,355.9,39525,14037195.9,31-MAR-2017,1714,INE536A01023
GROBTEA,EQ,288.65,288.65,288.65,288.65,288.65,284.45,25,7216.25,31-MAR-2017,1,INE646C01018
GRPLTD,EQ,1610,1649.9,1580,1602.05,1580,1608.2,840,1365763.4,31-MAR-2017,36,INE137I01015
GRUH,EQ,404.5,404.5,392.6,395.9,393,403.6,115584,45954012.55,31-MAR-2017,6008,INE580B01029
GSCLCEMENT,EQ,26.4,27.05,26.4,26.8,26.65,26.5,40922,1097022.8,31-MAR-2017,225,INE542A01039
GSFC,EQ,126.3,131.75,125.85,131,131.4,124.8,2833164,367878417.25,31-MAR-2017,15852,INE026A01025
GSKCONS,EQ,5139.95,5180,5101,5156.05,5150,5113.1,9450,48602614.55,31-MAR-2017,3870,INE264A01014
GSPL,EQ,161,165,159.1,161.5,162.95,162.5,1582648,256257927.1,31-MAR-2017,27428,INE246F01010
GSS,EQ,22.15,25,22.15,24.1,24.35,22.7,7861,188099,31-MAR-2017,110,INE871H01011
GTL,EQ,17.3,17.55,17.05,17.15,17.05,17.4,164321,2834864.5,31-MAR-2017,452,INE043A01012
GTLINFRA,EQ,5.8,5.95,5.65,5.75,5.7,5.85,2624122,15117910,31-MAR-2017,1019,INE221H01019
GTNIND,EQ,20.5,20.5,17.2,18,18.1,20.25,44281,823983.7,31-MAR-2017,215,INE537A01013
GTNTEX,EQ,18.85,19.25,18.2,18.45,18.3,18.85,23038,427037.85,31-MAR-2017,194,INE302H01017
GTOFFSHORE,EQ,15.35,15.9,15.3,15.45,15.4,15.5,193093,3011448.5,31-MAR-2017,830,INE892H01017
GUFICBIO,EQ,65.4,68.45,65,66.4,66.4,65,598666,40249034.4,31-MAR-2017,4779,INE742B01025
GUJALKALI,EQ,406.95,411.1,406.5,407.8,407.5,404.65,101658,41515557.4,31-MAR-2017,3460,INE186A01019
GUJAPOLLO,EQ,142.15,145.1,142.1,143.2,143.9,142.95,4161,597385.3,31-MAR-2017,48,INE826C01016
GUJFLUORO,EQ,752.3,774.2,750,760.05,755,749.15,235488,179834089.45,31-MAR-2017,7361,INE538A01037
GUJGASLTD,EQ,801,801,765.05,768.75,767.2,797.7,71701,55658557.75,31-MAR-2017,5188,INE844O01022
GUJNRECOKE,EQ,2.5,2.65,2.45,2.6,2.6,2.45,2174373,5538815.3,31-MAR-2017,606,INE110D01013
GUJNREDVR,EQ,1.85,2,1.85,2,2,1.95,50021,95342.45,31-MAR-2017,65,IN9110D01011
GULFOILLUB,EQ,717,723.9,700.3,704.55,705,708.75,57029,40487465.9,31-MAR-2017,2562,INE635Q01029
GULFPETRO,EQ,87.45,89.9,87,87.4,87,87.75,70415,6217349.85,31-MAR-2017,608,INE586G01017
GULPOLY,EQ,89.5,92.95,85.4,90.65,90.75,89,95968,8705548.75,31-MAR-2017,1002,INE255D01024
GVKPIL,EQ,6,6.1,5.95,5.95,6,6,2795940,16793202.55,31-MAR-2017,1001,INE251H01024
HANUNG,EQ,4.6,4.65,4.35,4.5,4.5,4.45,73311,331785.85,31-MAR-2017,173,INE648H01013
HARITASEAT,EQ,703.8,706,696.4,698.65,700,693.1,2276,1591960.85,31-MAR-2017,126,INE939D01015
HARRMALAYA,EQ,82.6,84.5,82.55,83.6,83.6,82.35,78483,6561112.2,31-MAR-2017,1075,INE544A01019
HATHWAY,EQ,37.55,38.3,37.55,37.7,37.7,37.95,217246,8226401.25,31-MAR-2017,601,INE982F01036
HATSUN,EQ,518.5,518.95,510,512.55,512.2,512.9,4690,2406516.5,31-MAR-2017,289,INE473B01035
HAVELLS,EQ,472,472.4,462.45,465.75,464,471,941913,439729663.6,31-MAR-2017,18696,INE176B01034
HBLPOWER,EQ,42.95,43.35,42.15,42.8,42.75,42.7,355296,15249987.3,31-MAR-2017,1294,INE292B01021
HBSTOCK,EQ,16.9,17,16.25,16.5,16.5,16.65,8693,144463,31-MAR-2017,27,INE550B01014
HCC,EQ,39.65,39.95,39.45,39.55,39.5,39.5,2301347,91254813.2,31-MAR-2017,7347,INE549A01026
HCG,EQ,226.55,231.95,225.05,229.45,231.55,225.05,48748,11074306.55,31-MAR-2017,354,INE075I01017
HCL-INSYS,EQ,52.2,53.25,51.85,52.25,52.25,51.9,940071,49386804.15,31-MAR-2017,3733,INE236A01020
HCLTECH,EQ,884,890.15,867,874.75,876,875.85,2157290,1883532443.85,31-MAR-2017,98561,INE860A01027
HDFC,EQ,1520.2,1520.2,1496.55,1502.1,1499.85,1519.95,2816509,4235996323.1,31-MAR-2017,105916,INE001A01036
HDFC,W2,177.1,177.1,176,176,176,180,36500,6446630,31-MAR-2017,5,INE001A13031
HDFCBANK,EQ,1453.8,1454,1436.55,1442.55,1440,1466.2,2412848,3479360861.7,31-MAR-2017,38453,INE040A01026
HDFCMFGETF,EQ,2664,2664,2650,2653.55,2659.95,2669.8,743,1971347.55,31-MAR-2017,91,INF179K01CN1
HDFCNIFETF,EQ,933.26,933.26,925.05,925.05,925.05,929,11,10215,31-MAR-2017,5,INF179KB1KP3
HDFCSENETF,EQ,3028.04,3028.04,3025.04,3025.04,3025.04,3004.02,8,24207.79,31-MAR-2017,3,INF179KB1KQ1
HDIL,EQ,81.6,82.85,81.1,81.95,81.9,82,7896939,647957070.45,31-MAR-2017,21473,INE191I01012
HEG,EQ,222.55,225.8,221.3,222.75,223,221.25,33527,7526060.15,31-MAR-2017,1120,INE545A01016
HEIDELBERG,EQ,121.55,125.25,120.5,124.5,124.9,120.2,272610,33723358.65,31-MAR-2017,2174,INE578A01017
HERCULES,EQ,153.1,154.9,152.5,152.7,152.55,152.2,27827,4269338.6,31-MAR-2017,539,INE688E01024
HERITGFOOD,EQ,1041.95,1105.75,1030.05,1073.25,1071,1029.75,31895,34077478,31-MAR-2017,2783,INE978A01019
HEROMOTOCO,EQ,3200,3228,3200,3221.95,3221.5,3231.65,582578,1875446428.25,31-MAR-2017,70493,INE158A01026
HESTERBIO,EQ,770,770,756.05,765.95,769.95,759.5,7588,5797488.85,31-MAR-2017,329,INE782E01017
HEXATRADEX,EQ,18.3,20.3,18,19.75,19.5,18,81081,1574591,31-MAR-2017,283,INE750M01017
HEXAWARE,EQ,218.1,218.9,213.15,214.95,214.8,218.65,676189,145526152.1,31-MAR-2017,14541,INE093A01033
HFCL,EQ,12.9,13,12.65,12.75,12.7,12.85,1270792,16338380.9,31-MAR-2017,924,INE548A01028
HGS,EQ,587.9,591.05,581.2,582.8,582,584.25,7881,4602268.1,31-MAR-2017,662,INE170I01016
HIGHGROUND,EQ,31,32.75,28.5,29.05,28.85,30.45,7361994,222312305.65,31-MAR-2017,3014,INE361M01021
HIKAL,EQ,214.95,217,211.75,213.75,211.85,215.25,45544,9744372.05,31-MAR-2017,1415,INE475B01022
HIL,EQ,769.85,798,761,784.25,782,761,62109,48648292.25,31-MAR-2017,2836,INE557A01011
HILTON,EQ,19,19.8,19,19.4,19.25,18.95,9856,191414.65,31-MAR-2017,38,INE788H01017
HIMATSEIDE,EQ,341.9,346.6,337,343.5,346,337.3,205064,69958518.8,31-MAR-2017,5067,INE049A01027
HINDALCO,EQ,190.8,195.95,190.5,195.05,194.55,190.3,13264696,2581622552.6,31-MAR-2017,77847,INE038A01020
HINDCOMPOS,EQ,1809,1820,1782,1791.8,1799.9,1797.45,10549,19036789.45,31-MAR-2017,791,INE310C01011
HINDCOPPER,EQ,65.75,67,65.65,66.1,66.5,65.45,766571,50898907.3,31-MAR-2017,3767,INE531E01026
HINDDORROL,EQ,9.25,9.65,9.2,9.55,9.6,9.3,47210,446564.2,31-MAR-2017,166,INE551A01022
HINDMOTORS,EQ,9.15,9.15,8.9,8.95,8.9,9.05,246400,2224313.3,31-MAR-2017,344,INE253A01025
HINDNATGLS,EQ,106.35,106.85,104.6,105.05,105,107.35,31361,3295871.35,31-MAR-2017,59,INE952A01022
HINDOILEXP,EQ,79.5,81.5,78.05,79.05,78.8,77.95,2167979,172825655.35,31-MAR-2017,12647,INE345A01011
HINDPETRO,EQ,520,529.35,517.5,525.65,526,517.3,2710761,1424718635.4,31-MAR-2017,42820,INE094A01015
HINDSYNTEX,EQ,10.35,11.55,10.2,10.6,10.6,10.7,4600,49370.25,31-MAR-2017,15,INE155B01012
HINDUJAFO,EQ,32.85,33.9,32.35,32.6,32.6,32.5,1924,62710.7,31-MAR-2017,36,INE291F01016
HINDUJAVEN,EQ,517.65,532.85,517.65,522.05,519,520,3543,1862285.2,31-MAR-2017,185,INE353A01023
HINDUNILVR,EQ,919.2,920.25,905.2,911.75,911.8,919.2,1454650,1330047555.35,31-MAR-2017,42780,INE030A01027
HINDZINC,EQ,285.8,290.6,284,288.8,289,285.8,2783380,803358022.3,31-MAR-2017,23138,INE267A01025
HIRECT,EQ,82.8,82.8,76,77.75,77,80,8772,690378.25,31-MAR-2017,144,INE835D01023
HISARMETAL,EQ,48,49,47.05,47.05,47.05,48.15,1149,55076.8,31-MAR-2017,18,INE598C01011
HITECH,SM,130.1,134,129.15,129.15,129.15,130,39000,5134575,31-MAR-2017,20,INE106T01017
HITECHGEAR,EQ,322,324,315,317.4,315.05,316.4,6285,2008390.6,31-MAR-2017,379,INE127B01011
HITECHPLAS,EQ,165,174.85,164.5,170.75,169.95,163.3,156704,26894939.05,31-MAR-2017,2254,INE120D01012
HMT,BZ,36.7,38.35,36.7,38,38,37.7,2727,102505.3,31-MAR-2017,42,INE262A01018
HMVL,EQ,284,287,282.1,283.75,284.45,283.8,12377,3516220.7,31-MAR-2017,322,INE871K01015
HNGSNGBEES,EQ,2280,2300,2252.01,2292.89,2299.97,2270,43,98408.36,31-MAR-2017,15,INF732E01227
HOCL,EQ,24.3,24.85,23.85,24.55,24.3,23.75,246154,6038183.35,31-MAR-2017,938,INE048A01011
HONAUT,EQ,10198,10500,10151.2,10346.9,10340,10151.45,1919,19789158.85,31-MAR-2017,570,INE671A01010
HONDAPOWER,EQ,1359.95,1360,1329,1336.4,1345,1347.1,5660,7603176.2,31-MAR-2017,474,INE634A01018
HOTELEELA,EQ,16.1,16.75,15.95,16.3,16.25,16.15,472775,7717448.75,31-MAR-2017,827,INE102A01024
HOVS,EQ,180,181.8,177,177.45,177.1,178.95,71277,12757043.55,31-MAR-2017,2064,INE596H01014
HPL,EQ,114.8,124.15,114.3,119.05,118.7,114.05,1563724,188676828.75,31-MAR-2017,13800,INE495S01016
HSCL,EQ,43,44,42.6,43.75,43.8,42.75,332507,14409275.45,31-MAR-2017,1207,INE019C01026
HSIL,EQ,332.6,375.1,332.6,349.85,349.9,332.6,376955,134496307.4,31-MAR-2017,9661,INE415A01038
HTMEDIA,EQ,82.7,84.2,81.95,83.3,84.15,82.65,98582,8177283.3,31-MAR-2017,2398,INE501G01024
HUBTOWN,BL,99,99,99,99,99,127.65,2000000,198000000,31-MAR-2017,2,INE703H01016
HUBTOWN,EQ,91.9,98.9,90.15,90.75,90.3,90.75,8097,751084.8,31-MAR-2017,180,INE703H01016
HUDCO,N2,1140,1145,1139.01,1144.99,1145,1139.31,1747,1992550.18,31-MAR-2017,25,INE031A07840
HUDCO,N3,1105,1105,1104.95,1104.95,1104.95,1087,278,307186.1,31-MAR-2017,2,INE031A07832
HUDCO,N4,1062,1062,1062,1062,1062,1059.5,50,53100,31-MAR-2017,1,INE031A07857
HUDCO,N5,1090.1,1100,1090.1,1090.11,1090.11,1090.1,230,251456.86,31-MAR-2017,4,INE031A07865
HUSYSLTD,SM,41.1,41.1,41,41,41,41.05,6000,246400,31-MAR-2017,2,INE336T01010
IBREALEST,EQ,87.95,88.6,86.65,87.5,87.55,87.25,6765912,592968422.95,31-MAR-2017,21739,INE069I01010
IBULHSGFIN,EQ,988,1000.6,984,997.75,998.4,990.6,2631734,2610588417.1,31-MAR-2017,63990,INE148I01020
IBULHSGFIN,N8,997.05,997.05,997.05,997.05,997.05,1010,100,99705,31-MAR-2017,1,INE148I07GJ7
IBULHSGFIN,NA,1038,1038,1038,1038,1038,1025,1,1038,31-MAR-2017,1,INE148I07GL3
IBVENTURES,EQ,58.4,58.4,58.4,58.4,58.4,55.65,1569743,91672991.2,31-MAR-2017,1554,INE274G01010
IBWSL,EQ,30.55,33.65,30.55,33.2,33.3,30.6,935305,30875716.25,31-MAR-2017,3533,INE126M01010
ICICIBANK,EQ,280.35,282.9,275.7,276.85,276.35,281.35,17947183,4997959446.05,31-MAR-2017,79199,INE090A01021
ICICIPRULI,EQ,372.6,386.95,372.5,382.4,384.1,374.35,1180554,447309862.9,31-MAR-2017,20534,INE726G01019
ICIL,EQ,196.1,199.4,195.6,197.45,197,195.85,905385,179176567.9,31-MAR-2017,9458,INE483B01026
ICRA,EQ,4126.25,4126.25,4085,4114.8,4114.95,4099.9,5915,24335949.2,31-MAR-2017,545,INE725G01011
ICSA,EQ,2.85,2.85,2.75,2.75,2.8,2.75,32047,88826.9,31-MAR-2017,65,INE306B01029
IDBI,EQ,74.75,75.85,74.05,75.1,75.2,74.5,4812786,360960097.95,31-MAR-2017,12500,INE008A01015
IDBIGOLD,EQ,2622.05,2650,2621,2630.1,2630,2759.95,135,354785.75,31-MAR-2017,12,INF397L01554
IDEA,EQ,87,87.05,85.3,85.85,86.1,87.05,27696210,2384155614.35,31-MAR-2017,72216,INE669E01016
IDFC,EQ,54.6,55.25,54.4,54.5,54.5,54.5,10992533,599704696.05,31-MAR-2017,8373,INE043D01016
IDFCBANK,EQ,60,60.35,58.9,59.3,59.55,59.65,20682263,1231870993,31-MAR-2017,41901,INE092T01019
IDFCBANK,HE,6000,6000,6000,6000,6000,5000,4,24000,31-MAR-2017,1,INE092T08CP8
IDFCBANK,N1,5070.26,5073,5070.26,5073,5073,5070,10,50716.55,31-MAR-2017,5,INE092T08CC6
IDFCBANK,N2,7951.11,7960,7951.11,7952,7952,7960,30,238588.44,31-MAR-2017,4,INE092T08CD4
IDFCBANK,N3,4652,4900,4652,4900,4900,4877,6,28378,31-MAR-2017,3,INE092T08CE2
IDFCBANK,N4,7431,7554,7420,7548,7548,7700,24,179631.2,31-MAR-2017,8,INE092T08CF9
IDFCBANK,N5,4875,4875,4816,4816,4816,4890,8,38823,31-MAR-2017,3,INE092T08CG7
IDFCBANK,N6,7691,7691,7691,7691,7691,7691,4,30764,31-MAR-2017,1,INE092T08CH5
IDFCBANK,N9,5210,5210,5210,5210,5210,5206,15,78150,31-MAR-2017,5,INE092T08CK9
IDFCBANK,NA,7840,7840.5,7840,7840,7840,7835,22,172483,31-MAR-2017,7,INE092T08CL7
IDFNIFTYET,EQ,94,94,91.2,91.2,91.2,91.25,4,370.4,31-MAR-2017,2,INF194KA1U07
IFBAGRO,EQ,436.15,454,436.1,446.25,446.2,440.1,4379,1963108.45,31-MAR-2017,149,INE076C01018
IFBIND,EQ,649.85,655,635,647.1,655,643.95,34524,22295309.45,31-MAR-2017,1199,INE559A01017
IFCI,EQ,30,30.2,29.6,29.65,29.75,29.9,7571383,225828533,31-MAR-2017,5923,INE039A01010
IFCI,NL,1025,1025,1025,1025,1025,1030,1,1025,31-MAR-2017,1,INE039A07843
IFGLREFRAC,EQ,224,226,215.05,216.1,216.8,224.1,41935,9208663.6,31-MAR-2017,1588,INE023B01012
IGARASHI,EQ,803.5,812.95,795,805.95,801.05,801.6,9156,7372178.95,31-MAR-2017,1125,INE188B01013
IGL,EQ,1010,1020.8,1005.8,1014.95,1017.45,1003.05,495119,501923919.95,31-MAR-2017,18443,INE203G01019
IGPL,EQ,375.2,385.65,373.2,377.25,376,372.8,41228,15670706.75,31-MAR-2017,1392,INE204A01010
IIFL,EQ,396.9,408,396.1,400.2,400.5,395.65,264769,106566439.05,31-MAR-2017,5560,INE530B01024
IIFLFIN,N5,1069,1071.95,1065.26,1071.25,1071.25,1066.74,1205,1288785.23,31-MAR-2017,31,INE866I08139
IIFLFIN,N6,1150.9,1150.9,1127.2,1127.2,1127.2,1182.05,50,56952.5,31-MAR-2017,2,INE866I08147
IIFLFIN,N7,1822.55,1823.06,1822.55,1823.05,1823.05,1822.65,90,164058.42,31-MAR-2017,5,INE866I08154
IIFLFIN,NA,1058,1060,1058,1059.95,1060,1059.96,741,785361.33,31-MAR-2017,9,INE866I07594
IIHFL,N1,1045.01,1053.98,1045.01,1053.95,1053.95,1053,947,995453.65,31-MAR-2017,23,INE477L07040
IIHFL,N2,1105.26,1120,1105.26,1116.26,1120,1110,295,328561.1,31-MAR-2017,7,INE477L08014
IITL,EQ,69,69.7,69,69.2,69.2,70,186,12843,31-MAR-2017,3,INE886A01014
IL&FSENGG,EQ,54.95,54.95,53.85,54.05,54.2,54.2,77584,4204109.5,31-MAR-2017,527,INE369I01014
IL&FSTRANS,EQ,109.15,110.75,108.2,109.35,109.5,108.4,430202,47143386.1,31-MAR-2017,4252,INE975G01012
IMFA,EQ,773.95,778,761.3,768.6,766.3,766.15,25901,19939481.85,31-MAR-2017,1050,INE919H01018
IMPAL,EQ,816.2,839.75,816.2,836.25,839.75,834.45,188,155887.9,31-MAR-2017,26,INE547E01014
IMPEXFERRO,EQ,1.9,1.9,1.8,1.8,1.8,1.85,63489,116930.35,31-MAR-2017,28,INE691G01015
INDBANK,EQ,12.85,13.25,12.75,12.9,12.9,12.8,41618,543414.4,31-MAR-2017,114,INE841B01017
INDHOTEL,EQ,125.8,128.65,125.5,126.9,127.4,126.55,357326,45354606.2,31-MAR-2017,6652,INE053A01029
INDIACEM,EQ,161.7,163.4,161.5,162.45,163.1,160.5,2513775,408383107.15,31-MAR-2017,14222,INE383A01012
INDIAGLYCO,EQ,156.05,163.8,153.75,159.85,159.7,156.05,265075,42618873.2,31-MAR-2017,3728,INE560A01015
INDIANB,EQ,266.9,283.3,266.1,278.25,278.8,264.2,2071588,570585522.4,31-MAR-2017,19885,INE562A01011
INDIANCARD,EQ,204,205.8,198.05,198.7,198.45,205.2,2960,592383.9,31-MAR-2017,152,INE061A01014
INDIANHUME,EQ,393,400.95,390,395.1,397,395.45,15573,6187902.85,31-MAR-2017,1009,INE323C01030
INDIGO,EQ,1052,1094,1040.55,1051.4,1050.5,1044.15,1946878,2079155025.7,31-MAR-2017,40699,INE646L01027
INDLMETER,EQ,89.95,90,87,87.6,87,88.2,2844,254805.35,31-MAR-2017,57,INE065B01013
INDNIPPON,EQ,559,563.85,545.2,549.75,550,557.45,9764,5409289.45,31-MAR-2017,499,INE092B01017
INDOCO,EQ,255.65,256,248.85,249.15,249,253.7,21403,5383472.85,31-MAR-2017,552,INE873D01024
INDORAMA,EQ,33,33.1,32.5,32.55,32.5,32.65,47388,1557076.8,31-MAR-2017,174,INE156A01020
INDOSOLAR,EQ,6.65,6.9,6.45,6.8,6.8,6.6,447414,2971407.65,31-MAR-2017,470,INE866K01015
INDOTECH,EQ,211.35,212,205.1,207.35,207,210.25,4862,1010534,31-MAR-2017,365,INE332H01014
INDOTHAI,EQ,21,22.35,20.65,21.95,22.2,21.2,11855,256742.75,31-MAR-2017,99,INE337M01013
INDOWIND,BE,4.1,4.2,3.9,4.15,4.2,4.1,82863,337602.2,31-MAR-2017,93,INE227G01018
INDRAMEDCO,EQ,54.7,55,52.95,53.15,53.25,54.25,197682,10580413.2,31-MAR-2017,1136,INE681B01017
INDSWFTLAB,EQ,34.15,34.45,33.65,33.8,33.65,33.85,56480,1916889.9,31-MAR-2017,228,INE915B01019
INDSWFTLTD,EQ,5.95,5.95,5.6,5.65,5.65,5.65,8497,48033.55,31-MAR-2017,15,INE788B01028
INDTERRAIN,EQ,169.2,175.5,166.2,169.1,167.05,168.3,53264,9141313.1,31-MAR-2017,383,INE611L01021
INDUSINDBK,EQ,1420,1431,1401.6,1425.15,1425.75,1422.3,1086863,1538524216.75,31-MAR-2017,56654,INE095A01012
INEOSSTYRO,EQ,694.75,703,681.1,687.2,682.05,694.2,12373,8577534.6,31-MAR-2017,704,INE189B01011
INFIBEAM,EQ,1121,1138.95,901.5,947.15,944,1126.85,3312168,3275015079.1,31-MAR-2017,107028,INE483S01012
INFINITE,EQ,226.55,231,225,230.25,230,227.7,21750,4975025.2,31-MAR-2017,892,INE486J01014
INFOMEDIA,BE,4.7,5,4.7,4.9,4.9,4.8,6550,32099.3,31-MAR-2017,18,INE669A01022
INFRABEES,EQ,315.3,315.3,311.52,312.58,312.58,311.92,856,268674.56,31-MAR-2017,18,INF732E01268
INFRATEL,EQ,327.8,328.9,322.5,325.9,324.8,336.7,1861425,605521453.8,31-MAR-2017,26665,INE121J01017
INFY,EQ,1023.25,1029.3,1008,1022.25,1022.5,1025.5,7076927,7214831802.6,31-MAR-2017,96201,INE009A01021
INGERRAND,EQ,764.8,778,760.1,773.15,774,754.1,60202,46309819.5,31-MAR-2017,2238,INE177A01018
INOXLEISUR,EQ,278,288,269.9,286.6,286.5,278.35,329436,93415178.2,31-MAR-2017,5490,INE312H01016
INOXWIND,EQ,172.9,173,170.1,170.45,170.5,171.8,279743,47920312.2,31-MAR-2017,3272,INE066P01011
INSECTICID,EQ,535,539,525,530.6,528,531,51648,27364123.85,31-MAR-2017,1518,INE070I01018
INTELLECT,EQ,114.6,116.2,113.6,115,115.2,114.35,491386,56399623,31-MAR-2017,4960,INE306R01017
INTENTECH,EQ,155.35,159,154.7,155.3,155.8,157.8,69438,10898932.55,31-MAR-2017,492,INE781A01025
INVENTURE,EQ,12.8,13.6,12.6,12.8,12.8,13.2,149769,1976701.75,31-MAR-2017,202,INE878H01016
IOB,EQ,26.65,27.15,26.25,26.65,26.55,26.4,1380342,36856790.15,31-MAR-2017,2427,INE565A01014
IOC,EQ,379.85,391.5,376.85,387.05,387,376.8,9327115,3612778976.35,31-MAR-2017,72277,INE242A01010
IOLCP,EQ,63,63.5,62.3,62.95,62.4,63,214900,13502532.85,31-MAR-2017,1178,INE485C01011
IPAPPM,EQ,320.8,328.85,319.55,323.05,324,320.15,19984,6491669.8,31-MAR-2017,505,INE435A01028
IPCALAB,EQ,611,631.85,604.55,623.85,620,608.7,320901,200457545.05,31-MAR-2017,13593,INE571A01020
IRB,EQ,237.2,239.85,235.55,236.4,236.2,236.4,1519482,361966251.7,31-MAR-2017,16878,INE821I01014
IRFC,N1,1119.7,1120,1119.7,1119.89,1119.95,1114,311,348284.5,31-MAR-2017,9,INE053F07520
IRFC,N3,1065.01,1065.01,1065.01,1065.01,1065.01,1094,50,53250.5,31-MAR-2017,1,INE053F07561
IRFC,N7,1110,1120,1110,1112,1110,1117,150,166750,31-MAR-2017,3,INE053F07652
IRFC,NA,1190,1200,1181,1183.95,1181,1190,817,974208.7,31-MAR-2017,17,INE053F07686
IRFC,NC,1200,1200,1200,1200,1200,1280,701,841200,31-MAR-2017,4,INE053F07728
IRFC,NE,1249.99,1249.99,1245,1246.8,1246.8,1242.94,552,688457.29,31-MAR-2017,24,INE053F07744
IRFC,NI,1082.4,1082.4,1082.4,1082.4,1082.4,1099,20,21648,31-MAR-2017,1,INE053F07827
IRFC,NJ,1130,1130,1130,1130,1130,1130,48,54240,31-MAR-2017,2,INE053F07835
IRFC,NK,1155,1155,1155,1155,1155,1154,58,66990,31-MAR-2017,1,INE053F07843
IRFC,NO,1151.9,1151.9,1146,1146.09,1148,1141.14,1201,1382455.5,31-MAR-2017,8,INE053F07900
ISFT,EQ,327.05,340.75,325.05,330.45,330.1,325.05,33160,11068830.15,31-MAR-2017,661,INE566K01011
ISMTLTD,EQ,12.4,12.65,12.35,12.5,12.45,12.5,65924,824265.85,31-MAR-2017,130,INE732F01019
ITC,EQ,281,283,278.75,280.3,280.75,282.75,9561098,2677822245.8,31-MAR-2017,97864,INE154A01025
ITDC,EQ,397.3,420.8,389.95,411.95,413,390.05,81671,33680663.8,31-MAR-2017,2680,INE353K01014
ITDCEM,EQ,171,173.25,168.1,171.3,170.55,172.3,190760,32590870.9,31-MAR-2017,2147,INE686A01026
ITI,EQ,72.35,72.55,70.05,71.25,71.65,72.2,873343,62272441.05,31-MAR-2017,5345,INE248A01017
IVC,EQ,13.8,13.9,13.65,13.8,13.85,13.7,260753,3603335.05,31-MAR-2017,337,INE050B01023
IVP,EQ,180.6,181.05,175.05,177.95,178.95,182.6,15170,2708775.85,31-MAR-2017,483,INE043C01018
IVRCLINFRA,EQ,4.95,5,4.9,4.95,4.95,4.95,722408,3570945.35,31-MAR-2017,433,INE875A01025
IVZINGOLD,EQ,2650,2650,2650,2650,2650,2735,10,26500,31-MAR-2017,2,INF205K01361
IZMO,EQ,45.9,46.75,45.7,45.8,45.85,46.05,27701,1278227.55,31-MAR-2017,171,INE848A01014
J&KBANK,EQ,74.85,77.1,72.9,75,75.6,74.75,1316664,97761255.1,31-MAR-2017,6081,INE168A01041
JAGRAN,EQ,187,193.5,186.25,192,192,187.65,365869,69944969.55,31-MAR-2017,3156,INE199G01027
JAGSNPHARM,EQ,38.3,38.6,37.7,38,38.15,37.8,13397,510488.7,31-MAR-2017,137,INE048B01027
JAIBALAJI,EQ,15.95,17,15.85,16.8,16.95,17,12995,216771.7,31-MAR-2017,47,INE091G01018
JAICORPLTD,EQ,73.45,75.2,72.9,74.05,74,73,1027255,76085544.75,31-MAR-2017,5654,INE070D01027
JAIHINDPRO,EQ,6.2,6.2,6,6,6,5.95,3685,22445,31-MAR-2017,9,INE343D01010
JAMNAAUTO,EQ,214,216.9,208.5,212.65,213,212.4,68723,14593431.9,31-MAR-2017,1213,INE039C01024
JAYAGROGN,EQ,743,798,743,779.35,778,737.85,156192,121002746.9,31-MAR-2017,5956,INE785A01026
JAYBARMARU,EQ,416,426,414,422.75,424.5,417.7,35412,14908707.95,31-MAR-2017,1235,INE571B01028
JAYNECOIND,EQ,8.25,8.35,8.1,8.2,8.15,8.25,21026,173194.9,31-MAR-2017,87,INE854B01010
JAYSREETEA,EQ,110.55,111.3,109,109.65,109.75,109.9,101929,11208131.65,31-MAR-2017,683,INE364A01020
JBCHEPHARM,EQ,347,348.9,341,346.15,346,345.5,48926,16918243.9,31-MAR-2017,1904,INE572A01028
JBFIND,EQ,275.3,284,273,278.05,278.25,273.65,372299,103803666.45,31-MAR-2017,6472,INE187A01017
JBMA,EQ,277,279.7,273.5,275.95,276.3,277.3,57630,15922336.7,31-MAR-2017,1633,INE927D01028
JCHAC,EQ,1797,1825,1780,1811.3,1818.9,1792.05,23334,42173850,31-MAR-2017,1881,INE782A01015
JENSONICOL,EQ,13.7,13.8,13.15,13.55,13.7,13.5,52305,709792.95,31-MAR-2017,128,INE819B01021
JETAIRWAYS,EQ,532.3,534.7,521.9,525.9,527.35,532.3,2293764,1213383616.15,31-MAR-2017,28144,INE802G01018
JHS,EQ,38.85,39.45,38.05,38.35,38.1,38.75,77573,2999447.75,31-MAR-2017,426,INE544H01014
JINDALPHOT,BE,92,98,92,94.15,94,96.65,13422,1273957.2,31-MAR-2017,147,INE796G01012
JINDALPOLY,EQ,397.25,402.95,395,396.05,395,396.9,166291,66257985.7,31-MAR-2017,4896,INE197D01010
JINDALSAW,EQ,82.5,85.4,82.2,83.4,83.25,82.1,630124,52665372.7,31-MAR-2017,3431,INE324A01024
JINDALSTEL,EQ,121,123.95,120.2,121,121.05,119,15018988,1839172194.3,31-MAR-2017,51477,INE749A01030
JINDCOT,EQ,13.35,14,12.95,13.3,13.2,13.05,58152,773556.1,31-MAR-2017,174,INE904J01016
JINDRILL,EQ,165.55,170.45,164.6,166.05,165,164.45,127231,21327823.25,31-MAR-2017,1773,INE742C01031
JINDWORLD,EQ,251.2,262.65,251.2,259.45,255.2,250.15,474500,123440931.6,31-MAR-2017,708,INE247D01013
JISLDVREQS,EQ,60.25,60.8,59.7,60,59.95,59.95,30108,1809446.9,31-MAR-2017,199,IN9175A01010
JISLJALEQS,EQ,93,94.95,92.75,93.85,93.65,93,3117285,292541374.05,31-MAR-2017,7926,INE175A01038
JITFINFRA,BE,73.9,75.45,70,73.9,74.9,71.9,36566,2720553.75,31-MAR-2017,257,INE863T01013
JKCEMENT,EQ,909.6,941,907.75,934.95,936.5,909.6,151583,141371378.6,31-MAR-2017,3693,INE823G01014
JKIL,EQ,250,274.4,246.25,258.5,257.2,277.1,2287537,593013395.85,31-MAR-2017,34515,INE576I01022
JKLAKSHMI,EQ,452,465,451.5,460.95,460,450.75,358346,163656331.4,31-MAR-2017,4161,INE786A01032
JKPAPER,EQ,97.6,98.8,94.15,94.5,94.5,97.4,940349,90748493.45,31-MAR-2017,5216,INE789E01012
JKTYRE,EQ,130.3,133.2,129,131.95,132.6,130.5,1674306,220214890.6,31-MAR-2017,10907,INE573A01042
JMA,EQ,205,205,197.5,198.5,197.5,200.25,169,34048.7,31-MAR-2017,9,INE412C01015
JMCPROJECT,EQ,270,273.6,260.7,265.55,265.25,260.85,174392,46226342.6,31-MAR-2017,4200,INE890A01016
JMFINANCIL,EQ,90.4,90.7,88.1,88.6,88.25,89.8,900480,80252589.4,31-MAR-2017,5221,INE780C01023
JMTAUTOLTD,EQ,10.7,11,10,10.65,10.5,10.45,1138971,11882995.05,31-MAR-2017,1354,INE988E01036
JOCIL,EQ,161.4,164.7,161.4,163.15,163,160,3618,590061.25,31-MAR-2017,72,INE839G01010
JPASSOCIAT,EQ,14.05,14.25,13.6,13.75,13.8,13.95,53928848,752389333.65,31-MAR-2017,12482,INE455F01025
JPINFRATEC,EQ,10.55,10.7,10.4,10.55,10.7,10.55,1144555,12098712.75,31-MAR-2017,1123,INE099J01015
JPOLYINVST,EQ,94.95,94.95,90.2,94.15,94,91.65,19221,1765974.75,31-MAR-2017,123,INE147P01019
JPPOWER,EQ,5.05,5.1,5,5,5.1,5,2148584,10855273.2,31-MAR-2017,1792,INE351F01018
JSL,EQ,70.55,71.95,70.4,71.2,71.3,70.05,329127,23471709,31-MAR-2017,1533,INE220G01021
JSLHISAR,EQ,138.25,146.3,135,142.1,142,137,357968,50012902.05,31-MAR-2017,6656,INE455T01018
JSWENERGY,EQ,63,64,62.5,62.7,62.6,62.8,6222524,393221037.4,31-MAR-2017,10327,INE121E01018
JSWHL,EQ,1517.4,1533.7,1517.4,1529.15,1526.05,1513.5,1103,1683494.55,31-MAR-2017,157,INE824G01012
JSWSTEEL,EQ,185.95,190.25,185,188.2,187.9,185.4,4542711,854032976.45,31-MAR-2017,39779,INE019A01038
JSWSTEEL,P2,8.1,8.15,8.05,8.1,8.1,8.1,686294,5590419.85,31-MAR-2017,61,INE019A04024
JUBILANT,EQ,805,805.5,796.3,799.8,799.05,800.75,446886,357589859.4,31-MAR-2017,8162,INE700A01033
JUBLFOOD,EQ,1124,1124.8,1102.25,1107.35,1106.95,1117.45,278815,309288144.5,31-MAR-2017,10220,INE797F01012
JUBLINDS,EQ,318.65,319.8,310.55,312.65,312,316.7,45317,14223928.8,31-MAR-2017,1081,INE645L01011
JUNIORBEES,EQ,253.8,254.99,252.2,253.11,252.25,252.87,9348,2372253,31-MAR-2017,139,INF732E01045
JUSTDIAL,EQ,544.7,545.9,525.9,527.55,527.5,542.85,1775988,946114069.9,31-MAR-2017,27768,INE599M01018
JVLAGRO,EQ,20.55,20.75,20.3,20.4,20.35,20.25,31006,634071.85,31-MAR-2017,133,INE430G01026
JYOTHYLAB,EQ,349.05,360.7,348.95,352.65,349,348.95,213123,75252905.2,31-MAR-2017,8480,INE668F01031
JYOTISTRUC,EQ,8.1,8.35,8,8.1,8.35,8.15,527755,4263122.55,31-MAR-2017,621,INE197A01024
KABRAEXTRU,EQ,112.2,112.3,110.5,111,111,109.25,1727,191726.75,31-MAR-2017,37,INE900B01029
KAJARIACER,EQ,569.4,594,566,583.5,584,565.55,963760,561406540.15,31-MAR-2017,24617,INE217B01036
KAKATCEM,EQ,316.05,317.5,310.6,311.2,311.75,316.8,30696,9609357.9,31-MAR-2017,903,INE437B01014
KALPATPOWR,EQ,323.3,333.4,311.1,322.7,323,320.85,307967,99762400.6,31-MAR-2017,10763,INE220B01022
KALYANIFRG,BE,368,374,360.2,373.95,374,370.25,471,172161.5,31-MAR-2017,10,INE314G01014
KAMATHOTEL,EQ,34.2,34.7,33,33.5,33.35,33.2,34780,1174649.2,31-MAR-2017,616,INE967C01018
KAMDHENU,EQ,88.8,90.9,86.25,88.65,88.55,88.75,19495,1742245.6,31-MAR-2017,185,INE390H01012
KANANIIND,EQ,17.2,17.2,15.1,15.25,15.1,16.75,147027,2382286,31-MAR-2017,493,INE879E01037
KANORICHEM,EQ,70.7,70.75,69.05,69.8,70.3,70.4,54829,3826868.9,31-MAR-2017,432,INE138C01024
KANSAINER,EQ,375.15,384,373.2,378.65,381,374.6,330176,124426781.45,31-MAR-2017,7242,INE531A01024
KARMAENG,EQ,43.5,44.45,42.3,43.4,43.45,43.9,211547,9102652.65,31-MAR-2017,59,INE725L01011
KARURVYSYA,EQ,110.7,112.7,110.5,112,111.75,110.4,1099161,123019667.15,31-MAR-2017,5606,INE036D01028
KAUSHALYA,EQ,5.8,6.2,5.1,5.3,5.25,5.9,277794,1518192.7,31-MAR-2017,426,INE234I01010
KAVVERITEL,EQ,14.3,14.3,12.9,12.9,12.9,14.3,52147,695704.85,31-MAR-2017,219,INE641C01019
KAYA,EQ,780,819,772.2,779.6,780,780.45,20362,16083282.15,31-MAR-2017,1708,INE587G01015
KCP,EQ,102.05,104.85,102.05,103.7,103.5,102.35,372215,38628405.2,31-MAR-2017,1520,INE805C01028
KCPSUGIND,EQ,37,39.5,36.4,38.05,38.2,36.95,716234,27598446.4,31-MAR-2017,3212,INE790B01024
KDDL,EQ,193,196,185.4,192.95,194.9,189.45,26774,5158053.75,31-MAR-2017,1484,INE291D01011
KEC,EQ,199.6,212.5,197.45,208.6,208.4,198.05,2136036,442419947.8,31-MAR-2017,22262,INE389H01022
KECL,EQ,40.65,41,39.95,40.3,40.35,40.45,202262,8223078.7,31-MAR-2017,851,INE134B01017
KEI,EQ,181,184,178.85,182.7,182.45,179.05,269704,48940742.65,31-MAR-2017,4406,INE878B01027
KELLTONTEC,EQ,132.85,137.95,132,133.1,132.9,129.9,86364,11585894.95,31-MAR-2017,1090,INE164B01022
KERNEX,BE,42,42,40.55,41.05,41,41.05,24216,1005133.45,31-MAR-2017,67,INE202H01019
KESARENT,EQ,53.25,53.25,50.8,50.95,50.8,52,5155,266151.2,31-MAR-2017,50,INE133B01019
KESORAMIND,EQ,143,145.2,142.5,142.85,143.1,142.8,212125,30473520.85,31-MAR-2017,2135,INE087A01019
KGL,EQ,1.25,1.3,1.25,1.25,1.3,1.25,484406,613154.45,31-MAR-2017,137,INE299C01024
KHAITANELE,BE,32.05,33.25,32.05,32.55,32.5,33.25,1851,60407.95,31-MAR-2017,21,INE761A01019
KHANDSE,EQ,16.8,16.8,16.8,16.8,16.8,16,199,3343.2,31-MAR-2017,2,INE060B01014
KICL,EQ,1628.15,1648,1620.05,1627.55,1626,1630.5,1243,2023360.95,31-MAR-2017,152,INE029L01018
KILITCH,EQ,45.7,45.95,45.4,45.55,45.6,45.65,2719,124401.75,31-MAR-2017,30,INE729D01010
KINGFA,EQ,789,790,767.4,771.8,771,774.75,6483,5021722.8,31-MAR-2017,311,INE473D01015
KIOCL,EQ,14.5,14.5,14.5,14.5,14.5,13.85,131700,1909650,31-MAR-2017,10,INE880L01014
KIRIINDUS,EQ,277.2,285.9,276.25,281.9,281.85,275.25,274677,77378490.7,31-MAR-2017,4777,INE415I01015
KIRLOSBROS,EQ,255,258.95,250.85,254.55,255,253.5,40330,10275286.35,31-MAR-2017,717,INE732A01036
KIRLOSENG,EQ,393.85,395.15,382.55,388.4,390,391.35,11359,4426264.65,31-MAR-2017,319,INE146L01010
KIRLOSIND,EQ,1114.95,1119.85,1065.6,1087.6,1105,1093.4,725,793910.8,31-MAR-2017,136,INE250A01039
KITEX,EQ,420,435.15,420,427.2,427.95,422.5,105166,45121864.55,31-MAR-2017,5840,INE602G01020
KKCL,EQ,1699.1,1744.95,1685,1735.85,1735,1699.1,6711,11645895.05,31-MAR-2017,51,INE401H01017
KMSUGAR,EQ,26.75,27,26.4,26.8,26.7,26.3,230301,6173177.35,31-MAR-2017,558,INE157H01023
KNRCON,EQ,189.9,194,189,192.75,193.5,189.45,92167,17662254.25,31-MAR-2017,1125,INE634I01029
KOHINOOR,EQ,85.85,86.9,84.05,84.6,84.55,82.4,1935726,165860410.9,31-MAR-2017,13015,INE080B01012
KOKUYOCMLN,EQ,88.75,90.8,88.45,89.5,89.5,88.8,57243,5137017.6,31-MAR-2017,671,INE760A01029
KOLTEPATIL,EQ,190.9,191,180.5,182.05,181,191.5,549073,101342736.55,31-MAR-2017,9191,INE094I01018
KOPRAN,EQ,78.1,78.4,75.35,75.95,75.75,77.5,401879,30984512.95,31-MAR-2017,2346,INE082A01010
KOTAKBANK,EQ,865,880,862.05,872.2,871.85,865.15,2586431,2259116894.2,31-MAR-2017,90040,INE237A01028
KOTAKBKETF,EQ,221.3,221.3,217,217.84,217.5,225.77,3636,796097.52,31-MAR-2017,41,INF174K01F59
KOTAKGOLD,EQ,256.85,256.85,254.55,255.7,256,257.1,4156,1061936.1,31-MAR-2017,128,INF373I01049
KOTAKNIFTY,EQ,920,922.94,915.61,915.63,915.81,920.56,4279,3927660.19,31-MAR-2017,54,INF174K01518
KOTAKNV20,EQ,40.3,40.3,39.5,39.67,39.5,40.3,558,22224.8,31-MAR-2017,10,INF174K01Z71
KOTAKPSUBK,EQ,352,353.7,350,351.93,352,350.71,3964,1395547.2,31-MAR-2017,46,INF373I01023
KOTARISUG,EQ,13.4,13.7,13.15,13.55,13.55,13.1,27863,376817.45,31-MAR-2017,82,INE419A01022
KOTHARIPET,EQ,22,22.75,22,22.5,22.55,21.85,24558,548906.9,31-MAR-2017,87,INE720A01015
KOTHARIPRO,EQ,201.15,201.15,194,195.05,196.4,195.5,7954,1563034.05,31-MAR-2017,355,INE823A01017
KPIT,EQ,130.5,130.9,129.3,129.7,129.9,130.65,430235,55880182.7,31-MAR-2017,3285,INE836A01035
KPRMILL,EQ,625,675,625,659.95,659,625.65,62997,41020999.9,31-MAR-2017,2413,INE930H01023
KRBL,EQ,427.85,431.9,400.05,413.3,412,421.85,651357,275534080.9,31-MAR-2017,12155,INE001B01026
KREBSBIO,BE,90,90,90,90,90,85.75,50,4500,31-MAR-2017,1,INE268B01013
KRIDHANINF,EQ,52.75,52.75,50.85,51.25,51.3,51,106765,5492713.75,31-MAR-2017,2709,INE524L01026
KRISHANA,SM,35.2,35.3,35.05,35.15,35.15,35.45,36000,1266400,31-MAR-2017,9,INE506W01012
KSBPUMPS,EQ,711.9,739,700,726.45,738.9,699.2,54245,39118432.65,31-MAR-2017,2231,INE999A01015
KSCL,EQ,537.1,572,537.1,558.2,560.7,542.1,1092733,607385160.4,31-MAR-2017,8596,INE455I01029
KSERASERA,BE,0.2,0.2,0.15,0.2,0.2,0.15,245985,48197,31-MAR-2017,33,INE216D01026
KSK,EQ,8.75,8.9,8.35,8.4,8.55,8.75,2076957,17438544.85,31-MAR-2017,1816,INE143H01015
KSL,EQ,357,363.4,357,361.35,362.2,355.85,91528,33039570,31-MAR-2017,2761,INE907A01026
KTIL,EQ,189.9,193.9,189.5,191.75,190,191.45,12384,2368946.25,31-MAR-2017,179,INE096L01025
KTKBANK,EQ,140.7,142.45,139.6,140.7,140.4,140.1,2962517,417666683.8,31-MAR-2017,14835,INE614B01018
KWALITY,EQ,157,158.9,155.5,156.25,155.5,155.1,482136,75723691.55,31-MAR-2017,6413,INE775B01025
L&TFH,EQ,123.4,125.5,121.45,123.65,123.9,123.4,5699040,702002287.3,31-MAR-2017,29516,INE498L01015
L&TFINANCE,N4,1040,1040,1040,1040,1040,1040,305,317200,31-MAR-2017,7,INE523E07459
L&TINFRA,N1,1005,1005,1000,1000,1000,1005,45,45100,31-MAR-2017,4,INE691I07166
L&TINFRA,N2,1553.5,1560,1553.5,1560,1560,1552.5,80,124669.8,31-MAR-2017,5,INE691I07174
L&TINFRA,N3,981,981,977.01,977.01,977.01,981,80,78366.7,31-MAR-2017,5,INE691I07182
L&TINFRA,N4,1400,1505,1400,1500.08,1505,1490,422,629384.5,31-MAR-2017,22,INE691I07190
L&TINFRA,N5,995,995,995,995,995,989,35,34825,31-MAR-2017,3,INE691I07224
L&TINFRA,N6,1567.01,1576,1567.01,1575.08,1575.1,1572.1,329,517574.29,31-MAR-2017,28,INE691I07232
LAKPRE,EQ,41.55,41.55,39,39.2,39.2,40.25,2433,95812.5,31-MAR-2017,41,INE651C01018
LAKSHMIEFL,EQ,57,58.95,54.8,55.05,54.8,55.15,1485995,84553881.8,31-MAR-2017,5248,INE992B01026
LAKSHVILAS,EQ,161.4,169.9,160.25,166.4,166.4,160.55,752764,123912244.3,31-MAR-2017,6816,INE694C01018
LALPATHLAB,EQ,944,979.9,940.35,967.55,963,940.35,300986,288340793.2,31-MAR-2017,6635,INE600L01024
LAMBODHARA,EQ,75,76,74.3,74.45,74.3,74.65,15843,1186669.25,31-MAR-2017,245,INE112F01022
LAOPALA,EQ,525.25,550.2,517.05,538.15,538.7,523.5,21656,11655061.4,31-MAR-2017,2796,INE059D01020
LAURUSLABS,EQ,520,522.55,513.15,516.2,518,518.45,72812,37696391.65,31-MAR-2017,2018,INE947Q01010
LAXMICOT,SM,21,21.35,19.5,19.9,19.9,20,1596000,32522400,31-MAR-2017,249,INE801V01019
LAXMIMACH,EQ,4175,4262,4066.05,4237.95,4220,4095.55,14452,60735057.95,31-MAR-2017,3496,INE269B01029
LGBBROSLTD,EQ,625.95,629.35,617.25,621.05,618,625.9,14948,9314577.8,31-MAR-2017,709,INE337A01034
LGBFORGE,BE,6.65,7,6.65,6.7,6.7,7,20665,141038.85,31-MAR-2017,33,INE201J01017
LIBERTSHOE,EQ,169.95,178.05,169.3,174.15,175,169,273708,48079504.1,31-MAR-2017,4288,INE557B01019
LICHSGFIN,EQ,623,625.7,616.4,618.45,617.05,622.4,1120717,694530060.35,31-MAR-2017,58655,INE115A01026
LICNETFGSC,EQ,16.92,16.94,16.92,16.94,16.94,16.99,350,5928.12,31-MAR-2017,2,INF767K01MV5
LICNETFN50,EQ,92.85,92.85,91.75,91.9,91.9,91.7,156,14350.15,31-MAR-2017,6,INF767K01OS7
LICNETFSEN,EQ,280,298,280,298,298,298.94,17,5003,31-MAR-2017,5,INF767K01OT5
LICNFNHGP,EQ,88,107.6,80,85.05,85.05,88,412,37121.57,31-MAR-2017,17,INF767K01PC8
LINCOLN,EQ,239.2,242.15,234.25,235.8,234.55,239.75,46908,11129096.8,31-MAR-2017,964,INE405C01035
LINCPEN,EQ,313,313,285,292.2,292.35,306.2,45549,13472786.25,31-MAR-2017,1142,INE802B01019
LINDEINDIA,EQ,397.15,402,397,398.3,397,397.45,10159,4049198.8,31-MAR-2017,319,INE473A01011
LIQUIDBEES,EQ,1000,1000.01,999.99,1000,1000.01,1000,1182088,1182086683.82,31-MAR-2017,3500,INF732E01037
LITL,EQ,3.35,3.4,3.25,3.3,3.35,3.3,3172344,10482065.9,31-MAR-2017,944,INE785C01048
LLOYDELENG,EQ,247,247.45,241.55,242.55,242.4,246.05,210034,51389219.05,31-MAR-2017,2204,INE245C01019
LML,EQ,12.4,12.9,12.4,12.8,12.8,12.55,173814,2187063.3,31-MAR-2017,381,INE862A01015
LOKESHMACH,EQ,84.05,86.2,82.1,82.45,82.9,83.35,37070,3110929.8,31-MAR-2017,402,INE397H01017
LOTUSEYE,EQ,30.7,37.1,30.05,36.9,36.6,30.95,719796,25768461.1,31-MAR-2017,3541,INE947I01017
LOVABLE,EQ,250.7,251.05,245.05,246.2,246,249.8,37774,9349893.35,31-MAR-2017,1136,INE597L01014
LPDC,EQ,3.55,3.55,3.25,3.35,3.35,3.5,6634,22310.4,31-MAR-2017,28,INE197J01017
LSIL,EQ,1.7,1.8,1.65,1.8,1.75,1.65,161224,280508.7,31-MAR-2017,77,INE093R01011
LT,EQ,1552.1,1593.65,1552.1,1574.9,1571.2,1557.45,2362067,3727439987.7,31-MAR-2017,80015,INE018A01030
LTI,EQ,717.5,723.05,711.1,714.85,711.1,716.95,69806,50013521.45,31-MAR-2017,2181,INE214T01019
LTTS,EQ,762.5,787,762,778.6,781,767.3,42947,33463221.35,31-MAR-2017,3836,INE010V01017
LUMAXIND,EQ,1358.5,1393.6,1352.05,1379.35,1375,1354.7,2529,3459527.8,31-MAR-2017,364,INE162B01018
LUMAXTECH,EQ,503,503,485,495.45,491.95,499.45,8527,4219263.9,31-MAR-2017,581,INE872H01019
LUPIN,EQ,1453,1455,1441.05,1445.2,1441.5,1446.95,538488,779914129.5,31-MAR-2017,25303,INE326A01037
LUXIND,EQ,721,733.7,709.85,713.8,710.2,722.4,22933,16458264.4,31-MAR-2017,2166,INE150G01020
LYCOS,BE,7.9,7.9,7.6,7.6,7.75,7.9,735786,5643004.75,31-MAR-2017,648,INE425B01027
LYKALABS,EQ,54.75,54.9,54.1,54.6,54.55,54.45,25486,1389936.75,31-MAR-2017,277,INE933A01014
LYPSAGEMS,EQ,67.95,69.5,66.5,67.9,67.5,67.65,55648,3779529.55,31-MAR-2017,411,INE142K01011
M&M,EQ,1277,1295,1272.5,1286.9,1292,1279.85,1094141,1405809071.95,31-MAR-2017,35975,INE101A01026
M&MFIN,EQ,316.5,318.5,312.85,314.9,315.1,314.9,1827300,576718704.9,31-MAR-2017,17102,INE774D01024
M100,EQ,18.19,18.2,17.95,17.99,18.2,18,15064,271403.7,31-MAR-2017,32,INF247L01023
M50,EQ,87.75,87.75,86.01,86.08,86.1,86.93,457,39492.37,31-MAR-2017,10,INF247L01536
MAANALU,EQ,122.6,122.6,114.6,118.8,120.75,117.8,1972,233854.7,31-MAR-2017,58,INE215I01019
MADHAV,EQ,63.5,67.55,63.5,65.9,65.25,64.9,34715,2288330.4,31-MAR-2017,318,INE925C01016
MADHUCON,EQ,41,43.2,40.9,42.45,43.2,40.95,350067,14641388.8,31-MAR-2017,2328,INE378D01032
MADRASFERT,EQ,17.05,19.7,17.05,19.25,19.05,16.6,1917784,35929427.7,31-MAR-2017,6016,INE414A01015
MAGMA,EQ,107.8,107.8,105.1,106.05,105.5,107.9,133490,14206426.25,31-MAR-2017,1314,INE511C01022
MAGNUM,EQ,3.9,4,3.8,3.95,3.95,3.95,11038,43245,31-MAR-2017,35,INE387I01016
MAHABANK,EQ,33.5,34.35,33.3,33.65,33.7,33.5,338146,11451917.75,31-MAR-2017,1462,INE457A01014
MAHASTEEL,EQ,102,105.3,100.5,102.35,100.5,100.35,142228,14631141.75,31-MAR-2017,861,INE451L01014
MAHESHWARI,SM,88,90,87.25,88.1,90,86.95,44000,3882100,31-MAR-2017,22,INE263W01010
MAHINDCIE,EQ,207.85,214.5,205.65,212.5,211,207.6,115352,24335766.3,31-MAR-2017,3399,INE536H01010
MAHLIFE,EQ,400,401.95,381.25,387.5,386,393.6,74026,28815497.7,31-MAR-2017,2374,INE813A01018
MAHSCOOTER,EQ,1872.05,1889,1842,1881.15,1875,1871.95,8217,15389718.45,31-MAR-2017,248,INE288A01013
MAHSEAMLES,EQ,350.9,355,345.55,349.65,352.45,350.75,62891,22129370.25,31-MAR-2017,515,INE271B01025
MAITHANALL,EQ,427.5,444,419.05,420.7,420.5,427.9,86028,37293076.05,31-MAR-2017,3294,INE683C01011
MAJESCO,EQ,339,340.7,331.8,332.6,332.9,334,110887,37086328.95,31-MAR-2017,1709,INE898S01029
MALUPAPER,EQ,32.5,32.75,30.5,32.55,32.6,31.2,120086,3890816.1,31-MAR-2017,425,INE383H01017
MALWACOTT,BE,8.5,8.9,8.25,8.9,8.9,8.5,1400,11847.5,31-MAR-2017,4,INE272B01015
MANAKALUCO,BE,5.95,6.35,5.95,6.3,6.3,6.25,3111,19399.7,31-MAR-2017,17,INE859Q01017
MANAKCOAT,EQ,11.25,12.05,11.25,11.95,12,11.35,90844,1071037.2,31-MAR-2017,134,INE830Q01018
MANAKINDST,EQ,27,27.15,26.05,26.95,27.15,25.9,22448,596842.7,31-MAR-2017,74,INE831Q01016
MANAKSIA,EQ,71,71,65.25,67.85,67.25,69.3,15621,1059688.15,31-MAR-2017,245,INE015D01022
MANAKSTEEL,EQ,14.1,14.1,12.9,13.05,13.1,13,18947,247174.05,31-MAR-2017,38,INE824Q01011
MANALIPETC,EQ,40.4,40.8,39.75,39.9,39.8,40.3,361701,14556329.75,31-MAR-2017,1277,INE201A01024
MANAPPURAM,EQ,98.2,98.9,96.8,98.15,98.4,97.5,3034762,297294852.4,31-MAR-2017,17316,INE522D01027
MANDHANA,BZ,19.9,19.95,19,19.45,19.5,19.75,54417,1049219.4,31-MAR-2017,259,INE087J01010
MANGALAM,EQ,147.1,148.5,143.5,145,146,147,64558,9411947.8,31-MAR-2017,950,INE584F01014
MANGCHEFER,EQ,58.4,60.35,56.2,57.7,57.3,57,424575,25052602.25,31-MAR-2017,2892,INE558B01017
MANGLMCEM,EQ,321.3,328.55,317.2,324.75,325.7,321.35,28305,9136680.2,31-MAR-2017,872,INE347A01017
MANGTIMBER,EQ,28.05,28.95,28.05,28.7,28.65,28.6,30037,860180.45,31-MAR-2017,88,INE805B01012
MANINDS,EQ,46.15,47.2,45.8,46.55,46.35,46.15,395448,18253955.6,31-MAR-2017,874,INE993A01026
MANINFRA,EQ,45.65,47.4,45.25,46.75,46.5,45.2,2004674,93424273.85,31-MAR-2017,4741,INE949H01023
MANPASAND,EQ,729.95,736.85,701.05,704.5,705,723.05,104327,74002942.3,31-MAR-2017,6851,INE122R01018
MANUGRAPH,EQ,55.2,56.7,54.7,55.1,55,55.05,42015,2338414.95,31-MAR-2017,218,INE867A01022
MARALOVER,EQ,41.05,42.6,41.05,41.85,41.55,41.05,78499,3295514.4,31-MAR-2017,346,INE882A01013
MARATHON,EQ,263,265.7,261.3,262.5,262,263.2,9707,2558468.2,31-MAR-2017,164,INE182D01012
MARICO,EQ,296,296.75,292.5,294.85,295.3,296.5,867262,255841747.25,31-MAR-2017,20255,INE196A01026
MARKSANS,EQ,46.65,47.8,46.35,47.15,47.25,46.35,2050203,96407297,31-MAR-2017,5493,INE750C01026
MARUTI,EQ,5952,6041,5940.1,6015.7,6035,5956.6,501939,3012626665.05,31-MAR-2017,39654,INE585B01010
MASTEK,EQ,178,185.2,177.2,181.2,181.05,178.55,215433,39209421.55,31-MAR-2017,8928,INE759A01021
MAWANASUG,EQ,85.6,86.1,82.5,82.95,82.9,85,482882,40848567.3,31-MAR-2017,1847,INE636A01039
MAXINDIA,EQ,152,152.3,149,150.95,149,151.9,328216,49590651.6,31-MAR-2017,10168,INE153U01017
MAXVIL,EQ,92.3,94.15,88.7,89.8,89.75,92.55,492620,45046171.75,31-MAR-2017,2573,INE154U01015
MAYURUNIQ,EQ,376.05,384.95,375.25,378.4,376.5,375.1,32627,12426084.55,31-MAR-2017,688,INE040D01038
MAZDA,EQ,316.5,324.5,316,317.45,316.5,316.6,2560,820670.9,31-MAR-2017,52,INE885E01034
MBECL,EQ,53.6,53.75,50.65,51.05,50.95,51.7,118017,6076998.55,31-MAR-2017,467,INE748A01016
MBLINFRA,EQ,46.45,47.15,44.55,45.1,45.2,46.25,512278,23433064.25,31-MAR-2017,1891,INE912H01013
MCDHOLDING,EQ,41.15,41.15,39.5,39.9,39.95,40.45,23169,930321,31-MAR-2017,182,INE836H01014
MCDOWELL-N,EQ,2187,2193.9,2162.5,2174.7,2175,2194.1,268234,583602101.25,31-MAR-2017,19798,INE854D01016
MCLEODRUSS,EQ,164.15,166.95,163.25,166.05,165.85,164.15,128297,21203679.2,31-MAR-2017,2929,INE942G01012
MCX,EQ,1207.2,1219.8,1201.25,1205.05,1206,1212.9,72686,88018049.2,31-MAR-2017,6102,INE745G01035
MEGASOFT,EQ,20.4,20.8,20.3,20.5,20.5,20.55,94716,1940621.75,31-MAR-2017,483,INE933B01012
MEGH,EQ,37.75,37.8,37.15,37.25,37.2,37.35,719194,26976920.75,31-MAR-2017,1923,INE974H01013
MENONBE,EQ,73.35,74.65,72.55,72.9,72.9,73.7,9942,725756.1,31-MAR-2017,191,INE071D01033
MEP,EQ,51.75,53.4,51.7,52.75,52.5,51.9,357885,18887628.9,31-MAR-2017,1835,INE776I01010
MERCATOR,EQ,47,48.2,46.15,46.65,46.45,46.8,2959995,140446928.1,31-MAR-2017,6865,INE934B01028
MERCK,EQ,1056,1056,1028.05,1043,1040.4,1030.25,11184,11643044.9,31-MAR-2017,874,INE199A01012
METALFORGE,EQ,58.4,59,56.05,56.35,56.15,58.3,80796,4610442.45,31-MAR-2017,1024,INE425A01011
METKORE,BE,2.95,3,2.9,3,3,2.9,19317,57255.9,31-MAR-2017,13,INE592I01029
MFSL,EQ,573.7,583.25,573.35,576.95,578.85,572.7,1109146,640652557.85,31-MAR-2017,31200,INE180A01020
MGL,EQ,895.95,897,886.3,895.4,896,895.15,131170,117209661.8,31-MAR-2017,9807,INE002S01010
MHRIL,EQ,437,437.9,421.2,433.2,435,436.6,348807,148812973.85,31-MAR-2017,5105,INE998I01010
MIC,EQ,14.6,15.45,14.5,14.65,14.65,13.7,5448131,80940467.1,31-MAR-2017,8392,INE287C01029
MIDCAPIWIN,EQ,60.45,60.85,60.45,60.85,60.85,60.19,155,9387.75,31-MAR-2017,5,INF109KB1XT3
MINDACORP,EQ,95.45,95.45,93.65,93.85,94.35,94.2,106996,10127981.1,31-MAR-2017,966,INE842C01021
MINDAIND,EQ,439.95,448,437.05,444.4,443,436.7,183759,81317247.85,31-MAR-2017,3769,INE405E01023
MINDTECK,EQ,79.9,81,78.1,78.4,78.8,79.55,10261,812624.65,31-MAR-2017,106,INE110B01017
MINDTREE,EQ,455.7,458.35,451.15,452.95,452.7,453.2,943227,427813887.65,31-MAR-2017,8111,INE018I01017
MIRCELECTR,EQ,14.5,14.6,13.9,13.95,14.05,13.8,1103750,15747984.9,31-MAR-2017,2062,INE831A01028
MIRZAINT,EQ,85.65,86.7,85.5,86,85.7,85.1,324103,27921032.5,31-MAR-2017,2239,INE771A01026
MMFL,EQ,542.8,546.05,526.75,540.2,540.25,535.5,6885,3706883.4,31-MAR-2017,423,INE227C01017
MMTC,EQ,61.6,63.6,61.35,61.95,61.95,61.3,1175855,73428114.35,31-MAR-2017,5435,INE123F01029
MOHITIND,EQ,43.25,43.7,41.5,41.85,42.4,42.3,129630,5524452.8,31-MAR-2017,899,INE954E01012
MOIL,EQ,317.9,319.65,313,313.75,313.45,315.95,338249,106840614.45,31-MAR-2017,6292,INE490G01020
MOLDTECH,EQ,53.5,54.35,52.1,53.1,53,52.85,387635,20696514.8,31-MAR-2017,1758,INE835B01035
MOLDTKPAC,EQ,228.8,235.8,226.05,230.9,235,229.3,22107,5092044.85,31-MAR-2017,380,INE893J01029
MOMAI,SM,120.05,124.7,120,124.7,124.7,121,27200,3363520,31-MAR-2017,8,INE133R01015
MONNETISPA,EQ,33.7,34.45,33.3,34.1,34.45,33.45,418910,14222302,31-MAR-2017,1383,INE743C01013
MONSANTO,EQ,2485.05,2549.9,2485.05,2544.2,2546.35,2530.45,18391,46685929.3,31-MAR-2017,1352,INE274B01011
MONTECARLO,EQ,410.9,415,408.5,411.4,408.5,411.7,8375,3453986.9,31-MAR-2017,401,INE950M01013
MORARJEE,EQ,56,58,53.5,55.55,56.45,54.75,45935,2587151.35,31-MAR-2017,399,INE161G01027
MOREPENLAB,EQ,19.2,19.3,18.9,19,18.95,19.05,511427,9751231.6,31-MAR-2017,1762,INE083A01026
MOSERBAER,EQ,6.75,6.85,6.6,6.8,6.8,6.65,308129,2073733.95,31-MAR-2017,324,INE739A01015
MOTHERSUMI,EQ,378.6,379.75,370.35,371.9,372,378.6,1695701,634087512.15,31-MAR-2017,29671,INE775A01035
MOTILALOFS,EQ,723.55,738,715.6,726.4,728,720.55,134260,97796134,31-MAR-2017,2125,INE338I01027
MOTOGENFIN,BE,33.8,33.8,30.6,30.7,30.7,32.2,1176,37837.5,31-MAR-2017,10,INE861B01015
MPHASIS,EQ,580.05,589.7,575.1,579.9,580,580.05,224152,130309693.85,31-MAR-2017,4511,INE356A01018
MPSLTD,EQ,676.65,689.9,675.9,688.7,689.8,678.6,37337,25453543.15,31-MAR-2017,389,INE943D01017
MRF,EQ,59550,61220,59550,60954.45,61160,59823.65,24685,1492058069.15,31-MAR-2017,13815,INE883A01011
MRO-TEK,EQ,54,55.4,52.85,54.45,54.35,54.4,7607,413388.6,31-MAR-2017,61,INE398B01018
MRPL,EQ,104,107.7,104,106.65,105.7,104.45,1539568,163980468.3,31-MAR-2017,9267,INE103A01014
MSPL,EQ,12.4,13.45,12.4,12.9,13,12.9,5608,72742.15,31-MAR-2017,39,INE752G01015
MTEDUCARE,EQ,83.6,87.45,81.05,84.35,83.8,83.2,617005,52324732.75,31-MAR-2017,6177,INE472M01018
MTNL,EQ,24.25,24.45,23.85,24,24.1,24.25,1597209,38495926.55,31-MAR-2017,3961,INE153A01019
MUKANDENGG,EQ,47.7,50.9,46.4,48.5,48.6,47.5,215430,10653654.7,31-MAR-2017,1408,INE022B01014
MUKANDLTD,EQ,84.7,88,83.6,84.9,85,82.15,1968373,168810828.3,31-MAR-2017,12705,INE304A01026
MUKANDLTD,P1,5,5.1,5,5.1,5.1,4.95,157,785.7,31-MAR-2017,2,INE304A04012
MUKTAARTS,EQ,104.5,104.85,99.7,100.25,101.8,104.3,201308,20459491.4,31-MAR-2017,2147,INE374B01019
MUNJALAU,EQ,101.85,103,100.5,100.8,100.8,99.6,126629,12866986.55,31-MAR-2017,1731,INE672B01032
MUNJALSHOW,EQ,214.5,219,213.9,215.6,214.5,213.8,33179,7164885,31-MAR-2017,778,INE577A01027
MURUDCERA,EQ,36.6,43.5,36.6,43.5,43.5,36.25,1025467,42333446.9,31-MAR-2017,3856,INE692B01014
MUTHOOTCAP,EQ,275.95,277,272.05,274.9,275,274.9,8910,2446353.65,31-MAR-2017,222,INE296G01013
MUTHOOTFIN,EQ,377.45,389.95,363.85,368.95,369,373.75,1352539,512966226.5,31-MAR-2017,15555,INE414G01012
MUTHOOTFIN,NA,1010,1010,1010,1010,1010,1030.99,10,10100,31-MAR-2017,1,INE414G07233
MUTHOOTFIN,NB,1739,1739,1739,1739,1739,1738,1120,1947680,31-MAR-2017,6,INE414G07241
MVL,EQ,0.55,0.55,0.45,0.5,0.5,0.5,69047,33861,31-MAR-2017,24,INE744I01034
N100,EQ,394,394.7,380,383.2,384,389.01,751,290476.9,31-MAR-2017,111,INF247L01031
NAGAFERT,EQ,18.95,19.4,18.75,19.4,19.4,18.5,1520965,29389616.1,31-MAR-2017,2049,INE454M01024
NAGAROIL,EQ,4.55,4.7,4.5,4.6,4.6,4.55,608257,2791176.3,31-MAR-2017,450,INE453M01018
NAGREEKCAP,EQ,13.15,13.15,12.5,12.5,12.5,12.55,105,1377.5,31-MAR-2017,2,INE245I01016
NAGREEKEXP,EQ,38,40.5,36.2,39.4,39.3,37.1,162321,6299521.8,31-MAR-2017,706,INE123B01028
NAHARCAP,EQ,101.5,103.4,100.6,100.75,100.75,100.85,18396,1866671.25,31-MAR-2017,10,INE049I01012
NAHARINDUS,EQ,113.4,114.85,113.1,113.25,113.15,114,39546,4495616.2,31-MAR-2017,218,INE289A01011
NAHARPOLY,EQ,58.2,61.45,58.15,60.95,60.95,59,31241,1889817.9,31-MAR-2017,193,INE308A01027
NAHARSPING,EQ,139.9,139.9,135.25,135.6,135.25,137.75,20177,2758000.75,31-MAR-2017,230,INE290A01027
NAKODA,EQ,0.4,0.45,0.35,0.4,0.45,0.4,200944,80326.5,31-MAR-2017,36,INE559B01023
NANDANI,SM,56.15,56.15,56.15,56.15,56.15,56.9,4000,224600,31-MAR-2017,1,INE696V01013
NATCOPHARM,EQ,828,855,818.5,849.2,849,830.4,478379,402238615.75,31-MAR-2017,11206,INE987B01026
NATHBIOGEN,EQ,150.1,151,146.2,148.15,147.6,149.6,26045,3878195.95,31-MAR-2017,311,INE448G01010
NATIONALUM,EQ,74.05,78,74.05,76.5,76.5,74.35,2440660,185247924.7,31-MAR-2017,9570,INE139A01034
NATNLSTEEL,BE,25.8,25.8,25.2,25.5,25.5,24.6,46318,1194503.5,31-MAR-2017,111,INE088B01015
NAUKRI,EQ,813.95,814,796.3,801.2,799.95,811.6,557913,447185458.3,31-MAR-2017,4553,INE663F01024
NAVINFLUOR,EQ,3011,3100,3002,3043.25,3059,2998.75,24281,74379494.4,31-MAR-2017,3215,INE048G01018
NAVKARCORP,EQ,175,177.9,173.85,176.65,176,174.05,70333,12423045.65,31-MAR-2017,1161,INE278M01019
NAVNETEDUL,EQ,162.95,166.1,161.2,162.45,163,168.75,678557,110594427.05,31-MAR-2017,9732,INE060A01024
NBCC,EQ,173.5,173.95,171,172.05,172.3,172.9,1008720,173546497.2,31-MAR-2017,12757,INE095N01023
NBIFIN,BE,3950,3950,3660,3695.2,3660,3848,448,1693001.6,31-MAR-2017,46,INE365I01012
NBVENTURES,EQ,126.05,128.4,124,125.25,125.45,125.1,345986,43595846.9,31-MAR-2017,9827,INE725A01022
NCC,EQ,80.65,82.65,80.65,81.95,81.9,80.8,3312080,271350932.35,31-MAR-2017,13738,INE868B01028
NCLIND,EQ,202,203.8,198,198.75,198.05,202.05,151234,30355825.3,31-MAR-2017,2348,INE732C01016
NDGL,EQ,388,388,388,388,388,391.4,11,4268,31-MAR-2017,2,INE756C01015
NDL,EQ,119.5,119.95,118,119.35,119.95,118.8,40074,4777792.35,31-MAR-2017,308,INE875G01030
NDTV,EQ,68.4,69.2,68.1,68.75,68.3,68.45,36609,2511505.7,31-MAR-2017,302,INE155G01029
NECCLTD,EQ,59.75,59.75,59.75,59.75,59.75,62.85,26113,1560251.75,31-MAR-2017,296,INE553C01016
NECLIFE,EQ,35.55,35.6,35.05,35.1,35.2,35.35,138664,4889225.65,31-MAR-2017,654,INE023H01027
NELCAST,EQ,59.5,60.45,58.2,58.7,58.3,59.5,78808,4648977.1,31-MAR-2017,479,INE189I01024
NELCO,EQ,78.3,79.9,77.35,78.75,78.75,77.95,89045,7049110.7,31-MAR-2017,698,INE045B01015
NEPCMICON,BZ,1.45,1.5,1.4,1.4,1.4,1.45,3800,5421.5,31-MAR-2017,5,INE588A01016
NESCO,EQ,2380,2516,2337,2348.2,2340,2361.4,12589,29937424.95,31-MAR-2017,1495,INE317F01027
NESTLEIND,EQ,6600,6720,6557.5,6680.65,6670,6605.2,41843,277649955.25,31-MAR-2017,12130,INE239A01016
NETWORK18,EQ,34.75,35.7,27.45,35.5,35.45,34.2,3992393,136436838.35,31-MAR-2017,3706,INE870H01013
NEULANDLAB,EQ,1489.5,1533.6,1460,1495,1500,1474.6,96898,145942420.8,31-MAR-2017,5909,INE794A01010
NEXTMEDIA,BE,22.45,22.5,21.55,22.25,22.2,22.05,24791,550315.5,31-MAR-2017,71,INE747B01016
NFL,EQ,76.7,80.95,75.6,76.6,76.7,75.2,6120192,480248119.55,31-MAR-2017,25702,INE870D01012
NH,EQ,312.7,319.9,311.1,313.85,313.15,315.8,28089,8823457.15,31-MAR-2017,1003,INE410P01011
NHAI,N1,1128,1130.01,1122,1122.21,1122.21,1126,5105,5749607.25,31-MAR-2017,46,INE906B07CA1
NHAI,N2,1191,1192,1189.15,1192,1192,1188,1014,1207623,31-MAR-2017,7,INE906B07CB9
NHAI,N4,1111.6,1143,1111.6,1143,1143,1185,11,12259,31-MAR-2017,2,INE906B07DD3
NHAI,N6,1223.68,1225,1223.68,1225,1225,1223.68,1073,1313828.64,31-MAR-2017,10,INE906B07DF8
NHAI,NA,1120,1121.99,1116,1116.56,1120,1117,470,524698.55,31-MAR-2017,7,INE906B07EJ8
NHBTF2014,N6,6541,6541,6530,6530,6530,6500.6,2,13071,31-MAR-2017,2,INE557F07132
NHBTF2023,N6,6051,6051,6051,6051,6051,6201,86,520386,31-MAR-2017,2,INE557F07181
NHPC,EQ,31.8,32.35,31.5,32.2,32.2,31.7,5541722,177118704.5,31-MAR-2017,10556,INE848E01016
NHPC,N4,1100,1100,1100,1100,1100,1110,10,11000,31-MAR-2017,1,INE848E07542
NIBL,EQ,30.7,34.3,28.3,32.1,32,30.85,50547,1621584.65,31-MAR-2017,250,INE047O01014
NICCO,BE,0.5,0.5,0.5,0.5,0.5,0.45,3900,1950,31-MAR-2017,3,INE241C01026
NIF100IWIN,EQ,98.42,99.1,98.42,98.96,98.95,98.94,766,75708.84,31-MAR-2017,52,INF109KA1962
NIFTYBEES,EQ,936.59,939,934,938.27,938.3,937.57,22911,21467633.54,31-MAR-2017,497,INF732E01011
NIFTYIWIN,EQ,93.03,93.65,93.03,93.51,93.49,93.32,58263,5448851.13,31-MAR-2017,1573,INF109K012R6
NIITLTD,EQ,85.35,85.5,82.8,84.2,84.5,85.1,598464,50249865.75,31-MAR-2017,4511,INE161A01038
NIITTECH,EQ,420.6,437.8,417,435.6,435.75,420.05,385791,166439415.35,31-MAR-2017,12658,INE591G01017
NILAINFRA,EQ,16,17.2,16,16.45,16.4,16.45,4388343,73542816.1,31-MAR-2017,987,INE937C01029
NILKAMAL,EQ,2003.9,2003.9,1940,1951.9,1948.1,1995.7,77508,152264196.65,31-MAR-2017,4473,INE310A01015
NIPPOBATRY,EQ,919.7,929.95,908,914.1,914.9,918.05,895,820690.25,31-MAR-2017,95,INE567A01010
NITCO,EQ,52.7,58,52.35,58,58,52.75,434982,24345836.95,31-MAR-2017,2399,INE858F01012
NITESHEST,EQ,8.55,8.65,8.35,8.4,8.35,8.55,104595,888184.85,31-MAR-2017,184,INE639K01016
NITINFIRE,EQ,22.95,22.95,22.4,22.55,22.55,22.45,355279,8035557.95,31-MAR-2017,1207,INE489H01020
NITINSPIN,EQ,115.45,122.55,115.1,120.2,121,115.35,189801,22556762.7,31-MAR-2017,1784,INE229H01012
NITIRAJ,SM,83,84,83,83,83,84.35,12000,999660,31-MAR-2017,6,INE439T01012
NLCINDIA,EQ,105.65,108.35,105.65,107.35,107.9,105.85,169309,18180485.5,31-MAR-2017,3147,INE589A01014
NMDC,EQ,132.45,134.15,132.4,133.1,132.85,132.1,1738190,231883737.65,31-MAR-2017,14712,INE584A01023
NOCIL,EQ,91.15,95.6,90.65,93.8,94,90.55,2595777,243356909.5,31-MAR-2017,13456,INE163A01018
NOIDATOLL,EQ,11.2,11.3,11.1,11.25,11.3,11.15,385323,4314567.65,31-MAR-2017,703,INE781B01015
NRBBEARING,EQ,109.3,109.45,107.9,108.05,108,107.9,6480,702416.85,31-MAR-2017,177,INE349A01021
NSIL,EQ,905,912.45,895.25,898.95,904.1,888,2937,2644843.85,31-MAR-2017,56,INE023A01030
NTL,EQ,5.3,5.4,4.95,5.1,5,4.95,450489,2383920.95,31-MAR-2017,584,INE333I01036
NTPC,EQ,163.6,166.75,163.1,166,165.85,163.1,3178633,526318836.4,31-MAR-2017,40971,INE733E01010
NTPC,N6,1304.99,1304.99,1304.99,1304.99,1304.99,1284,100,130499,31-MAR-2017,4,INE733E07JJ9
NTPC,N7,12.9,13.12,12.87,12.95,12.95,12.91,75598,981676.5,31-MAR-2017,127,INE733E07JP6
NTPC,NB,1090.48,1090.48,1090.48,1090.48,1090.48,1093.28,23,25081.04,31-MAR-2017,1,INE733E07JU6
NUCLEUS,EQ,248.5,250.8,244.7,246.2,245.95,248.8,49628,12224043.35,31-MAR-2017,982,INE096B01018
NUTEK,EQ,0.65,0.7,0.65,0.7,0.7,0.7,33603,22231.7,31-MAR-2017,2374,INE318J01027
NV20IWIN,EQ,40.43,40.43,40.43,40.43,40.43,39.77,154,6226.22,31-MAR-2017,1,INF109KB1WY5
OBEROIRLTY,EQ,366.3,370,366.3,368.45,368.45,370.35,214528,79029237.15,31-MAR-2017,13110,INE093I01010
OCCL,EQ,878,926,865.05,915.2,916,860.65,6140,5553115.75,31-MAR-2017,709,INE321D01016
OCL,EQ,921,936,909.65,926.75,922,906.95,19407,17975114.85,31-MAR-2017,1102,INE290B01025
OFSS,EQ,3794,3859.7,3765.1,3815.75,3838.9,3782.3,26434,100729692.05,31-MAR-2017,4254,INE881D01027
OIL,EQ,329.95,334.85,328.35,333.8,334.4,328.7,601495,199814489.65,31-MAR-2017,9995,INE274J01014
OILCOUNTUB,EQ,46.05,47,45.1,45.8,45.8,46.2,47053,2168286.4,31-MAR-2017,140,INE591A01010
OISL,EQ,5.8,5.8,5.5,5.6,5.5,5.75,56701,320584.3,31-MAR-2017,43,INE196J01019
OMAXAUTO,EQ,76.95,79.9,76.4,78.15,78.65,76.1,26874,2099806.1,31-MAR-2017,265,INE090B01011
OMAXE,EQ,170.75,172,167.6,168.85,170,170.75,499662,84572962.65,31-MAR-2017,2805,INE800H01010
OMKARCHEM,EQ,155,155.9,151.95,153.05,153.6,155,138914,21324008.25,31-MAR-2017,1173,INE474L01016
OMMETALS,EQ,46.5,47.8,45.75,47.45,47,46.4,153065,7226459.15,31-MAR-2017,541,INE239D01028
ONELIFECAP,EQ,30.4,30.4,27.4,28.35,29,29,58296,1665315.25,31-MAR-2017,482,INE912L01015
ONGC,EQ,184.9,186.3,184.2,185,185,183.9,8217678,1523561018.6,31-MAR-2017,47312,INE213A01029
ONMOBILE,EQ,88.15,91.4,88.15,90.35,90.4,89,944606,84770278.05,31-MAR-2017,4918,INE809I01019
ONWARDTEC,EQ,80.15,81.95,78.85,80,79.8,80.15,29204,2348463,31-MAR-2017,233,INE229A01017
OPTOCIRCUI,EQ,9.4,9.4,9.15,9.25,9.25,9.25,583822,5414915.7,31-MAR-2017,670,INE808B01016
ORBITCORP,BE,4.5,4.8,4.5,4.75,4.8,4.65,143225,671477.2,31-MAR-2017,71,INE628H01015
ORBTEXP,EQ,126.8,127,124.75,125.3,124.8,126.65,29030,3640864.15,31-MAR-2017,348,INE231G01010
ORCHIDPHAR,EQ,26.3,26.6,26.1,26.25,26.3,26.25,289204,7618422.45,31-MAR-2017,1083,INE191A01019
ORICONENT,EQ,57,58,55.35,56.15,56.05,56.75,385381,21943858,31-MAR-2017,1810,INE730A01022
ORIENTABRA,EQ,35.05,35.85,34.9,34.95,34.95,35.6,40269,1420626.6,31-MAR-2017,162,INE569C01020
ORIENTALTL,BE,14.25,15.05,14.15,14.25,14.15,14.85,10869,155337.8,31-MAR-2017,42,INE998H01012
ORIENTBANK,EQ,142.9,145.4,140,140.85,140.75,143.4,5649098,803755919.55,31-MAR-2017,29709,INE141A01014
ORIENTBELL,EQ,161.75,185,161.75,172.3,170.7,161.4,166296,29269753.45,31-MAR-2017,2902,INE607D01018
ORIENTCEM,EQ,131.75,132,129.8,131.4,131.55,128.75,335481,43800598.7,31-MAR-2017,1802,INE876N01018
ORIENTHOT,EQ,36.65,36.65,35.4,35.5,35.8,36.4,346079,12329515.05,31-MAR-2017,725,INE750A01020
ORIENTLTD,EQ,71.95,71.95,67.7,70.55,70.65,71.25,1058,72045.3,31-MAR-2017,11,INE609C01024
ORIENTPPR,EQ,82.2,83.9,80,80.85,80.5,81.65,581353,47997748.15,31-MAR-2017,4307,INE592A01026
ORIENTREF,EQ,130.7,132,128.3,128.9,129.65,129.95,55677,7250117.05,31-MAR-2017,683,INE743M01012
ORISSAMINE,EQ,2094.95,2127.65,2065.5,2081.5,2089,2083.1,7624,16003817.7,31-MAR-2017,944,INE725E01024
ORTEL,EQ,111.5,125,111.5,114.55,113.1,114.15,14214,1642801.4,31-MAR-2017,180,INE849L01019
ORTINLABSS,EQ,19.65,19.65,18.4,18.6,18.4,18.85,46050,857397.2,31-MAR-2017,131,INE749B01012
PAEL,BE,14,14.65,13.5,13.7,13.5,14.05,1551,21271.65,31-MAR-2017,7,INE766A01018
PAGEIND,EQ,14708,14849,14512,14620.8,14577.25,14708.7,11183,163825833.45,31-MAR-2017,3998,INE761H01022
PALREDTEC,BE,162.55,162.55,156,157.35,157,162.55,1940,306120.55,31-MAR-2017,51,INE218G01033
PANACEABIO,EQ,160.6,163.8,160,161.3,160.6,159.65,37104,5999264.4,31-MAR-2017,1241,INE922B01023
PANAMAPET,EQ,150,150.55,144.8,146.5,146.15,150.8,26591,3915965.9,31-MAR-2017,509,INE305C01029
PANORAMUNI,EQ,10.25,10.25,10,10.2,10.2,10.15,12785,129870.85,31-MAR-2017,103,INE194B01029
PAPERPROD,EQ,241.95,245.4,237.75,239.2,239,239.95,27270,6596842.7,31-MAR-2017,675,INE275B01026
PARABDRUGS,EQ,8.5,8.75,8.1,8.5,8.6,8.55,54989,462490.05,31-MAR-2017,109,INE618H01016
PARACABLES,BE,3.5,3.55,3.5,3.55,3.55,3.4,28700,101497.5,31-MAR-2017,22,INE074B01023
PARAGMILK,EQ,225,228.6,225,228.05,228.15,224.45,202389,46050974.05,31-MAR-2017,2302,INE883N01014
PARRYSUGAR,EQ,62.5,64.35,62.5,62.9,62.6,63.35,6462,409296.3,31-MAR-2017,97,INE353B01021
PARSVNATH,EQ,12.55,12.6,12.3,12.35,12.3,12.45,119554,1485326.8,31-MAR-2017,334,INE561H01026
PATELENG,EQ,78.95,79.75,78.25,78.6,78.25,78.75,372955,29431241.75,31-MAR-2017,3179,INE244B01030
PATINTLOG,EQ,87.8,88.15,86.7,86.95,86.8,87.45,30594,2668556.55,31-MAR-2017,359,INE529D01014
PATSPINLTD,EQ,16.3,16.5,16.2,16.25,16.25,16.3,10832,176580.05,31-MAR-2017,22,INE790C01014
PBAINFRA,EQ,21.25,21.85,21,21.6,21.7,21.3,21322,458917.3,31-MAR-2017,83,INE160H01019
PCJEWELLER,EQ,419.8,423,416.4,418,417,416.3,226701,95089241.65,31-MAR-2017,4164,INE785M01013
PDMJEPAPER,EQ,26,26.35,24.3,25.95,26.2,25.95,32360,831315.2,31-MAR-2017,138,INE865T01018
PDPL,EQ,28.45,28.45,26.55,27,26.65,27.5,18628,506188.15,31-MAR-2017,102,INE904D01019
PDSMFL,EQ,170.3,170.3,169,169,169,169.45,27312,4631980.4,31-MAR-2017,53,INE111Q01013
PDUMJEIND,EQ,11.3,11.3,10.65,10.8,11,10.7,9356,100478.65,31-MAR-2017,16,INE105C01023
PDUMJEPULP,EQ,20,20,19.6,19.8,19.9,20,17765,352710.85,31-MAR-2017,88,INE606A01024
PEARLPOLY,BE,34.4,35.1,34,35,35.1,33.45,75487,2641733.9,31-MAR-2017,65,INE844A01013
PEL,EQ,1899.8,1948,1880,1903.05,1904,1868,397173,761252043.2,31-MAR-2017,24488,INE140A01024
PENIND,EQ,41,41.35,40.7,40.95,41,40.85,116056,4754775.85,31-MAR-2017,573,INE932A01024
PENINLAND,EQ,19.4,19.6,18.55,18.7,18.6,19.15,466590,8898835.45,31-MAR-2017,959,INE138A01028
PENPEBS,EQ,123.95,127.95,123.95,126.9,127.9,125.3,3011,379492.25,31-MAR-2017,83,INE455O01019
PERFECT,SM,20.5,23.95,19.25,19.25,19.25,20.25,36000,769200,31-MAR-2017,6,INE925S01012
PERSISTENT,EQ,600,602.9,590.15,595.7,596.85,599.8,271364,162573202.35,31-MAR-2017,7840,INE262H01013
PETRONENGG,EQ,143.2,143.2,135.1,137.05,136.95,137.7,12804,1777557,31-MAR-2017,356,INE742A01019
PETRONET,EQ,404.35,406.25,401.15,403.15,403.45,400.25,1004009,405567407,31-MAR-2017,28058,INE347G01014
PFC,EQ,143.5,147.15,143.5,145.9,146,142.7,8277704,1207572123.45,31-MAR-2017,36625,INE134E01011
PFC,N3,1299,1299,1170,1170,1170,1157.05,40,49390,31-MAR-2017,4,INE134E07588
PFC,N5,1165,1165,1165,1165,1165,1165.01,400,466000,31-MAR-2017,4,INE134E07208
PFIZER,EQ,1851.7,1957,1820.6,1915.25,1945.4,1851.7,52656,100092190.3,31-MAR-2017,3432,INE182A01018
PFOCUS,EQ,89,89,81.5,83.9,83.35,84.85,55521,4682365.45,31-MAR-2017,382,INE367G01038
PFS,EQ,41.75,42,41.4,41.55,41.4,41.4,1452895,60617781.4,31-MAR-2017,3491,INE560K01014
PGEL,EQ,186.1,187,183.5,184.85,183.55,185.65,14176,2625221.2,31-MAR-2017,317,INE457L01011
PGHH,EQ,7459.95,7635.7,7420,7592.15,7625,7462.4,14846,112400423.9,31-MAR-2017,1874,INE179A01014
PGIL,EQ,117.65,121.9,116.25,118.3,118.1,116.5,13182,1563575.25,31-MAR-2017,256,INE940H01014
PHILIPCARB,EQ,325.85,334.5,324.5,329.9,330.2,323,307533,101778188.35,31-MAR-2017,7572,INE602A01015
PHOENIXLL,EQ,169.95,176.05,166.1,175,174.5,167.9,46626,8069509.2,31-MAR-2017,799,INE455B01016
PHOENIXLTD,EQ,382.5,384.65,375.75,378.45,378.55,380,540542,204636813.75,31-MAR-2017,2059,INE211B01039
PIDILITIND,EQ,691,702.9,690.3,699.15,697.1,690.95,938213,656188750.95,31-MAR-2017,13952,INE318A01026
PIIND,EQ,835,842.6,826.1,838.15,833,830.45,161405,134973891.1,31-MAR-2017,3306,INE603J01030
PILANIINVS,BE,2130,2179.9,2130,2148.5,2130.05,2130.45,172,367788.5,31-MAR-2017,18,INE417C01014
PILITA,BE,14.15,14.3,13.6,14.1,14.1,13.9,16663,233643.9,31-MAR-2017,52,INE600A01035
PINCON,EQ,65,66.8,64.5,65.8,66.1,65.05,283558,18477793.45,31-MAR-2017,2038,INE675G01018
PIONDIST,EQ,165,166,162,163.3,165.85,166.85,6091,999170.05,31-MAR-2017,111,INE889E01010
PIONEEREMB,EQ,47.1,49.5,46.75,47.9,48.15,47.1,61197,2955697.45,31-MAR-2017,611,INE156C01018
PIRPHYTO,EQ,82.9,83,81.5,82.75,83,81.55,18844,1551660.65,31-MAR-2017,185,INE122J01015
PITTILAM,EQ,63,63,61.55,61.85,61.55,62.45,17385,1077809.8,31-MAR-2017,141,INE450D01021
PKTEA,EQ,160,160,160,160,160,157.95,32,5120,31-MAR-2017,1,INE431F01018
PLASTIBLEN,EQ,462.5,471.95,455,466,463,461.25,14461,6703432.7,31-MAR-2017,254,INE083C01022
PNB,EQ,152.5,152.8,149.5,149.9,149.9,153.2,11204474,1691902704.45,31-MAR-2017,63644,INE160A01022
PNBGILTS,EQ,53.5,53.8,52.7,53.05,53.05,53.2,428427,22764807.05,31-MAR-2017,1412,INE859A01011
PNBHOUSING,EQ,1139.4,1215.95,1133.65,1190.4,1190,1139.45,459551,539715691.65,31-MAR-2017,16734,INE572E01012
PNC,EQ,20.35,21.65,20.35,21.65,21.65,20.65,6925,148131,31-MAR-2017,56,INE392B01011
PNCINFRA,EQ,117.7,118.6,116.5,117.15,117.45,117.65,617458,72751257.1,31-MAR-2017,2095,INE195J01029
PNEUMATIC,EQ,1294,1294,1294,1294,1294,1294.55,123,159162,31-MAR-2017,4,INE096T01010
POCHIRAJU,EQ,7.95,7.95,7.3,7.35,7.3,7.4,14244,104895.8,31-MAR-2017,42,INE332G01032
PODDARMENT,EQ,262.45,267.95,262.45,265.35,265.1,263.6,2623,694944.7,31-MAR-2017,76,INE371C01013
POKARNA,EQ,1070,1070,1026.1,1045,1044.15,1029.2,39893,41714463.95,31-MAR-2017,1936,INE637C01017
POLARIS,EQ,179.45,182,178,181.1,181.7,179.1,114168,20596146.4,31-MAR-2017,3289,INE763A01023
POLYMED,EQ,279.85,283.95,270.2,271.55,274,277.25,53804,14802868.45,31-MAR-2017,1129,INE205C01021
POLYPLEX,EQ,400,421.9,392,419.5,418.25,395.9,117985,49101881,31-MAR-2017,2283,INE633B01018
PONNIERODE,EQ,206.65,210.85,206.65,208.2,208,207.95,4048,843235.25,31-MAR-2017,66,INE838E01017
POWERGRID,EQ,195.65,199.9,195.65,197.3,197.25,195.45,4794118,946736068.75,31-MAR-2017,33895,INE752E01010
POWERMECH,EQ,521.05,559.4,515,534.25,530,522.45,133299,71410371.6,31-MAR-2017,4651,INE211R01019
PPAP,EQ,231.85,233,228.9,230.35,230.8,229.35,11730,2698179.6,31-MAR-2017,187,INE095I01015
PRABHAT,EQ,122.4,127.4,120.2,121.65,121.2,118.75,947539,117268017.55,31-MAR-2017,7743,INE302M01033
PRAENG,EQ,11.15,11.25,10.75,11.15,11.25,10.75,62232,686686.25,31-MAR-2017,84,INE505C01016
PRAJIND,EQ,80.65,80.65,78.6,80.05,80.1,80.05,194776,15584437.05,31-MAR-2017,2164,INE074A01025
PRAKASH,EQ,77.5,78.4,76.5,76.95,77.2,77.35,739712,57246114.6,31-MAR-2017,2126,INE603A01013
PRAKASHCON,EQ,4,4.25,3.95,4.05,4.05,3.9,894669,3634774.35,31-MAR-2017,426,INE023M01027
PRAKASHSTL,EQ,1.3,1.35,1.3,1.3,1.35,1.35,177460,233487.1,31-MAR-2017,50,INE696K01024
PRATIBHA,EQ,10.7,10.75,10.55,10.65,10.65,10.65,235708,2510502.5,31-MAR-2017,511,INE308H01022
PRECAM,EQ,142,142,138.15,139,139,140.95,37439,5235262.9,31-MAR-2017,501,INE484I01029
PRECOT,EQ,94,94,85,86.3,86,88.9,55730,4925732.65,31-MAR-2017,572,INE283A01014
PRECWIRE,EQ,114.3,115.9,113.65,115.25,115.25,114.65,7673,883173.45,31-MAR-2017,155,INE372C01029
PREMEXPLN,EQ,334,357,331.9,350.05,357,331.45,39841,13554697.2,31-MAR-2017,394,INE863B01011
PREMIER,EQ,29.2,29.95,29.1,29.65,29.65,29.5,2868,84875.3,31-MAR-2017,43,INE342A01018
PREMIERPOL,EQ,27.5,27.5,27,27.3,27.3,28.4,1416,38439.05,31-MAR-2017,6,INE309M01012
PRESSMN,EQ,63.55,64.75,62.55,63.3,63.15,62.95,189375,12058402.5,31-MAR-2017,1232,INE980A01023
PRESTIGE,EQ,212.25,222.2,211.2,217.45,218.1,213.75,610968,133497402.45,31-MAR-2017,18526,INE811K01011
PRICOLLTD,EQ,79.7,80.5,78.25,79.05,79,79.1,267799,21176433.45,31-MAR-2017,1821,INE726V01018
PRIMESECU,EQ,33,34.45,33,34.45,34.45,31.35,216594,7384474.5,31-MAR-2017,645,INE032B01021
PRISMCEM,EQ,98.3,100,96.85,97.9,98,96.7,618809,61044493.7,31-MAR-2017,3432,INE010A01011
PROVOGE,BL,4,4.15,4,4.1,4.15,34.1,2489518,10254999.7,31-MAR-2017,4,INE968G01033
PROVOGE,EQ,4.15,4.15,4,4.05,4.05,4.1,18017,73705.15,31-MAR-2017,62,INE968G01033
PROZONINTU,BL,35.4,35.4,35.25,35.35,35.25,24.6,1874806,66242472.95,31-MAR-2017,3,INE195N01013
PROZONINTU,EQ,35.4,37.5,35.1,36.95,37.25,35.4,1354993,49043812.4,31-MAR-2017,2239,INE195N01013
PSB,EQ,55,55.95,54.5,55,55,55,184535,10189766.1,31-MAR-2017,924,INE608A01012
PSL,EQ,5.75,5.75,5.2,5.4,5.4,5.25,63160,336141.1,31-MAR-2017,157,INE474B01017
PSUBNKBEES,EQ,390.92,394.1,388,392.33,392,388.05,8286,3228623.85,31-MAR-2017,82,INF732E01110
PTC,EQ,92.35,95,91.1,93.4,92.65,91.9,3108683,288534536.9,31-MAR-2017,18051,INE877F01012
PTL,BE,46.05,49,46.05,47.1,48.85,48.45,370755,17375550,31-MAR-2017,699,INE034D01031
PUNJABCHEM,EQ,279.7,290,279,280.95,281,279.2,13798,3925651.95,31-MAR-2017,376,INE277B01014
PUNJLLOYD,EQ,19.7,19.85,19.25,19.35,19.3,19.65,1042282,20256560.85,31-MAR-2017,4078,INE701B01021
PURVA,EQ,67.1,69,66.55,67.35,67.15,66.7,313337,21261783.55,31-MAR-2017,1714,INE323I01011
PVP,EQ,4.85,4.85,4.7,4.75,4.75,4.8,48421,230122.6,31-MAR-2017,66,INE362A01016
PVR,EQ,1422,1439.5,1414.1,1431.25,1428.9,1417.05,347161,495470319.75,31-MAR-2017,16944,INE191H01014
QGOLDHALF,EQ,1309.95,1309.95,1301,1303,1303,1309.95,231,301136.15,31-MAR-2017,42,INF082J01010
QNIFTY,EQ,981.7,984,981.7,984,984,982.9,56,55055.4,31-MAR-2017,4,INF082J01028
QUESS,EQ,694.95,698,682.7,690.4,685,689.7,65228,44951674.95,31-MAR-2017,2208,INE615P01015
QUICKHEAL,EQ,237.4,238.8,235.35,236.3,236,237.25,138831,32963327.55,31-MAR-2017,2497,INE306L01010
QUINTEGRA,EQ,0.9,0.9,0.9,0.9,0.9,0.9,10141,9126.9,31-MAR-2017,5,INE033B01011
RADAAN,EQ,1.6,1.6,1.55,1.55,1.55,1.6,1250,1950,31-MAR-2017,2,INE874F01027
RADICO,EQ,137,141.1,136,137.8,138,135.75,959989,133584936.15,31-MAR-2017,6339,INE944F01028
RADIOCITY,EQ,358.4,363,354.6,360.55,360.1,358.5,187444,67070918.6,31-MAR-2017,4910,INE919I01016
RAIN,EQ,106.95,110.85,106.5,109.6,109.65,106.9,1185527,129913399.25,31-MAR-2017,11794,INE855B01025
RAINBOWPAP,EQ,4.75,4.75,4.75,4.75,4.75,4.55,725488,3446068,31-MAR-2017,68,INE028D01025
RAIREKMOH,EQ,70.55,72.8,70.5,71.8,71.3,70.85,31756,2286889.85,31-MAR-2017,69,INE313D01013
RAJESHEXPO,EQ,603.8,611,603,605.95,603.2,602,526411,319286521.2,31-MAR-2017,11432,INE343B01030
RAJOIL,EQ,1.85,1.85,1.75,1.85,1.85,1.8,53069,93379.7,31-MAR-2017,80,INE294G01018
RAJRAYON,EQ,0.3,0.3,0.2,0.25,0.25,0.25,1071144,270790.5,31-MAR-2017,28,INE533D01024
RAJSREESUG,EQ,65.25,65.25,61.1,61.6,61.25,61.65,21363,1326936.75,31-MAR-2017,231,INE562B01019
RAJTV,EQ,59.8,60.8,58.1,58.95,58.25,59.55,37393,2216652.5,31-MAR-2017,211,INE952H01027
RAJVIR,EQ,41.5,43.5,41,41.7,41.7,42.7,11814,509507.65,31-MAR-2017,14,INE011H01014
RALLIS,EQ,252.8,265.25,249.6,259.75,259.9,251.25,680638,175249691,31-MAR-2017,8392,INE613A01020
RAMANEWS,EQ,33.7,33.9,31.9,32.85,32.7,33.3,107805,3540825.85,31-MAR-2017,757,INE278B01020
RAMASTEEL,EQ,130.45,134.2,128.1,130.25,129.9,129,127324,16565287.95,31-MAR-2017,940,INE230R01027
RAMCOCEM,EQ,660,680,660,672.65,678.5,664.95,192984,129500779.2,31-MAR-2017,8247,INE331A01037
RAMCOIND,EQ,232.7,241.9,230.5,239.2,238.5,232.7,302733,72134110.35,31-MAR-2017,4366,INE614A01028
RAMCOSYS,EQ,390,401.4,380.05,384.3,383.85,391.6,120840,47224873.5,31-MAR-2017,4209,INE246B01019
RAMKY,EQ,103.6,105.5,100.65,101.55,101,102.7,371361,38471300.9,31-MAR-2017,2903,INE874I01013
RAMSARUP,BE,1.85,1.95,1.85,1.85,1.85,1.9,10126,19070.5,31-MAR-2017,14,INE005D01015
RANASUG,EQ,10,10.05,9.8,9.95,10,9.9,687041,6800905.35,31-MAR-2017,901,INE625B01014
RANEENGINE,EQ,718,728,670,682.85,672.6,674.15,124339,87208342.15,31-MAR-2017,5872,INE222J01013
RANEHOLDIN,EQ,918,930.9,890.1,897.55,893,912.9,31863,29030506.45,31-MAR-2017,2310,INE384A01010
RASOYPR,BE,0.2,0.2,0.15,0.15,0.2,0.15,529548,83585.15,31-MAR-2017,45,INE904G01038
RATNAMANI,EQ,754.95,759.55,740,756.9,755,748.7,11858,8949422.3,31-MAR-2017,469,INE703B01027
RAYMOND,EQ,642.4,647.75,632,633.65,633.85,638.8,165480,105508917.55,31-MAR-2017,4234,INE301A01014
RBL,EQ,1038,1056.8,1014,1030.2,1031,1040.8,148750,153334094.25,31-MAR-2017,6768,INE244J01017
RBLBANK,EQ,486.95,498.4,482.5,494.55,495.25,486.55,1590621,781935851.6,31-MAR-2017,36733,INE976G01028
RCF,EQ,76,85.4,75.9,81.75,81.6,74.6,25469426,2072882512.5,31-MAR-2017,92692,INE027A01015
RCOM,EQ,38.2,38.65,38,38.3,38.2,38.25,7207068,275851479.35,31-MAR-2017,14657,INE330H01018
RDEL,EQ,66.25,69.9,66,67.2,67.3,65.95,14800276,1009650302,31-MAR-2017,35125,INE542F01012
RECLTD,EQ,180.6,183.25,180,181,181.05,182.25,6219302,1128446294.75,31-MAR-2017,44473,INE020B01018
RECLTD,NF,1240,1240,1240,1240,1240,1216.1,500,620000,31-MAR-2017,1,INE020B07IG5
REDINGTON,EQ,108.85,110.55,107.4,110.05,110,108.4,101566,11138027.75,31-MAR-2017,1830,INE891D01026
REFEX,EQ,18.2,19.2,18.1,19.2,19.2,18.3,183302,3490255.35,31-MAR-2017,499,INE056I01017
REGENCERAM,BE,6.4,6.8,6.3,6.8,6.8,6.5,500,3301,31-MAR-2017,6,INE277C01012
REIAGROLTD,EQ,0.45,0.45,0.4,0.4,0.45,0.45,263773,109009.4,31-MAR-2017,93,INE385B01031
REISIXTEN,BE,0.35,0.4,0.35,0.4,0.4,0.4,80367,28395.3,31-MAR-2017,13,INE849J01021
RELAXO,EQ,492,502,482.3,498.8,498,489.9,35818,17818998.8,31-MAR-2017,1876,INE131B01039
RELCAPITAL,EQ,612.95,619.35,610.1,615.1,615,607.4,4040628,2486285875.4,31-MAR-2017,66320,INE013A01015
RELCNX100,EQ,96.93,96.93,95.97,96.8,96.88,95.93,944,90633.01,31-MAR-2017,7,INF204K014N5
RELCONS,EQ,41.55,41.55,41.15,41.15,41.15,41.48,361,14900.19,31-MAR-2017,10,INF204KA1LD7
RELDIVOPP,EQ,25.04,25.26,25.04,25.26,25.26,25,41,1026.86,31-MAR-2017,2,INF204KA1MS3
RELIANCE,EQ,1266,1337.65,1266,1320.9,1320.6,1270.65,10375519,13602917636.9,31-MAR-2017,209261,INE002A01018
RELIFIN,N8,1780,1780,1780,1780,1780,1742,52,92560,31-MAR-2017,2,INE958G07858
RELIGARE,EQ,217.05,223.25,214.9,216.25,216.4,216.55,96018,20887361.45,31-MAR-2017,610,INE621H01010
RELINFRA,EQ,564,576,563.8,568.65,567.05,563.85,1953907,1116044437.6,31-MAR-2017,26631,INE036A01016
RELNV20,EQ,409.93,409.93,409.93,409.93,409.93,401.32,2,819.86,31-MAR-2017,2,INF204KA17D8
REMSONSIND,EQ,52.1,54.8,51.25,52.9,54.7,52.25,143,7584.35,31-MAR-2017,16,INE474C01015
RENUKA,EQ,14.55,14.8,14.45,14.55,14.55,14.55,2018633,29397954.8,31-MAR-2017,1688,INE087H01022
REPCOHOME,EQ,693.7,711.4,691.5,701.7,695.05,693.7,271187,190220204.25,31-MAR-2017,5316,INE612J01015
REPRO,EQ,418.45,428.8,408.85,423.2,428.15,410.35,4844,2030601.2,31-MAR-2017,176,INE461B01014
RESPONIND,EQ,89,89.9,86,86.6,86.05,89.9,73962,6438151.6,31-MAR-2017,264,INE688D01026
REVATHI,EQ,777,809.9,765.1,797.1,790,777,14949,11757925.15,31-MAR-2017,114,INE617A01013
RHFL,N6,1002.99,1003,1002.6,1003,1003,1001.99,2410,2417074.85,31-MAR-2017,24,INE217K07AG5
RHFL,N8,1009.9,1010,1009.45,1009.8,1009.8,1009.9,880,888601,31-MAR-2017,11,INE217K08289
RICOAUTO,EQ,56.2,57.1,55.15,56.65,56.75,56.2,550984,30999846.45,31-MAR-2017,3060,INE209B01025
RIIL,EQ,447.8,465.7,446.2,457.9,457.1,445.65,880793,403204476.75,31-MAR-2017,14824,INE046A01015
RJL,EQ,144,145,137.4,139.55,138.8,142.95,27941,3920995.45,31-MAR-2017,584,INE722H01016
RKDL,EQ,12.2,12.75,11.5,11.6,11.5,11.2,40123,472264.4,31-MAR-2017,167,INE722J01012
RKFORGE,EQ,470.05,485,464.55,479.65,478.45,467.55,23987,11422855.7,31-MAR-2017,807,INE399G01015
RMCL,BE,34.4,34.4,33.1,33.8,34,33.4,90514,3062176.85,31-MAR-2017,316,INE172H01014
RML,EQ,504.75,517.85,486.2,491,487.15,499.9,37112,18651296.05,31-MAR-2017,2019,INE050H01012
ROHITFERRO,EQ,5.45,5.5,5.15,5.5,5.5,5.25,23121,123751.85,31-MAR-2017,50,INE248H01012
ROHLTD,EQ,92.7,93.1,89.45,89.8,90.4,91.6,26474,2417550.7,31-MAR-2017,375,INE283H01019
ROLLT,EQ,14.1,14.2,13.7,13.85,13.8,14.1,135623,1885232.4,31-MAR-2017,54,INE927A01040
ROLTA,EQ,58.25,58.8,57.95,58.05,58.1,58.2,345523,20118203.1,31-MAR-2017,3536,INE293A01013
ROSSELLIND,EQ,131.45,137.5,126.2,128.15,128.1,131.45,1036,134121.55,31-MAR-2017,31,INE847C01020
RPGLIFE,EQ,456,461.75,447,448.45,448.5,454.7,44389,20108991.6,31-MAR-2017,1570,INE105J01010
RPOWER,EQ,48.05,48.35,47.9,48.1,48,47.75,2207780,106231068.45,31-MAR-2017,6796,INE614G01033
RPPINFRA,EQ,260.95,272,260.95,269.35,269,260.95,197077,52711324.95,31-MAR-2017,1122,INE324L01013
RRSLGETF,EQ,16.83,16.83,16.83,16.83,16.83,16.77,1,16.83,31-MAR-2017,1,INF204KB1882
RSSOFTWARE,EQ,94.9,96.8,94.5,94.75,94.5,94.8,193029,18424534.3,31-MAR-2017,2381,INE165B01029
RSWM,EQ,440.6,441.55,430.9,434.7,432.1,440,28950,12593278.9,31-MAR-2017,1602,INE611A01016
RSYSTEMS,EQ,53,55.55,52.3,55.25,55.55,52.7,105910,5775614.7,31-MAR-2017,498,INE411H01032
RTNINFRA,EQ,3.25,3.9,3.25,3.9,3.9,3.25,6172576,22277980.95,31-MAR-2017,756,INE834M01019
RTNPOWER,EQ,7.6,8.45,7.6,8.15,8.15,7.6,7870048,63779826.9,31-MAR-2017,3908,INE399K01017
RUBYMILLS,EQ,329.95,332.75,325.15,326.25,325.55,322.8,7443,2445312.35,31-MAR-2017,281,INE301D01026
RUCHINFRA,BE,3.65,3.65,3.45,3.65,3.65,3.6,27208,95539.3,31-MAR-2017,64,INE413B01023
RUCHIRA,EQ,156.05,158.5,153,156.7,155.5,157.05,43600,6838116.35,31-MAR-2017,758,INE803H01014
RUCHISOYA,EQ,27,27.7,26.45,27.15,27.05,27.05,890889,24034141.75,31-MAR-2017,1824,INE619A01027
RUPA,EQ,333.05,336.5,326,326.7,326.85,331.65,92052,30361845.7,31-MAR-2017,2340,INE895B01021
RUSHIL,EQ,614.65,616,603.3,610.45,609.1,610.85,55722,33916016.6,31-MAR-2017,1474,INE573K01017
SABEVENTS,EQ,51.05,51.05,47,47,47,47.9,5461,265589.5,31-MAR-2017,50,INE860T01019
SABTN,EQ,255.1,259,248.1,256.4,251,253.1,32641,8317033.05,31-MAR-2017,672,INE416A01036
SADBHAV,EQ,308.95,308.95,303,305.2,304.5,304.9,20240,6190160.4,31-MAR-2017,710,INE226H01026
SADBHIN,EQ,101.65,101.65,94.8,95.5,96,98,26276,2537753.7,31-MAR-2017,251,INE764L01010
SAGCEM,EQ,800,803,779,795.45,780,798.95,19401,15412522.05,31-MAR-2017,861,INE229C01013
SAIL,EQ,61.2,61.9,61.15,61.3,61.2,61.05,2650706,163020982,31-MAR-2017,6687,INE114A01011
SAKHTISUG,EQ,33.8,34.5,32.6,33.1,32.95,33.4,181520,6064012.05,31-MAR-2017,746,INE623A01011
SAKSOFT,EQ,255.3,255.3,247.95,249.15,250.75,250.2,4003,1001435.95,31-MAR-2017,157,INE667G01015
SAKUMA,EQ,63.05,65.5,63.05,64.45,65,63.55,16641,1076483.55,31-MAR-2017,211,INE190H01016
SALONA,BE,59.5,60,57,58.9,58.9,60,3828,226840.9,31-MAR-2017,24,INE498E01010
SALORAINTL,EQ,63.95,64,60.9,61.25,60.9,63.8,8228,509715.75,31-MAR-2017,83,INE924A01013
SALSTEEL,BE,4.75,5,4.75,4.95,4.95,4.85,5760,28187.35,31-MAR-2017,12,INE658G01014
SALZERELEC,EQ,189.35,191.75,185.25,187.3,187.3,188,37384,7060892.85,31-MAR-2017,630,INE457F01013
SAMBHAAV,EQ,6.05,6.35,6.05,6.25,6.3,6.2,6970,43460.4,31-MAR-2017,33,INE699B01027
SAMTEL,EQ,0.55,0.55,0.55,0.55,0.55,0.55,1186,652.3,31-MAR-2017,5,INE381A01016
SANCO,BE,113.5,114.95,107.85,108.15,111,113.5,31774,3489370.15,31-MAR-2017,62,INE782L01012
SANDESH,EQ,984.7,984.7,950,974.6,975,969.6,1568,1520302.95,31-MAR-2017,135,INE583B01015
SANGAMIND,EQ,274.5,279.9,271.55,277.7,277.75,275.85,23060,6392074.95,31-MAR-2017,423,INE495C01010
SANGHIIND,EQ,70.55,71.25,67.25,69,68.5,70.45,275279,19300468.6,31-MAR-2017,2166,INE999B01013
SANGHVIFOR,EQ,39.95,42.1,38.1,41.55,41.55,39.4,10628,428979.25,31-MAR-2017,151,INE263L01013
SANGHVIMOV,EQ,243.65,247,241.25,243.75,243.15,242.7,48334,11821708.25,31-MAR-2017,1554,INE989A01024
SANGINITA,SM,22.5,24.9,22.5,23.85,24.4,22.3,114000,2663400,31-MAR-2017,19,INE753W01010
SANOFI,EQ,4752.65,4752.65,4686,4702.95,4721,4752.65,13630,64093576.3,31-MAR-2017,1094,INE058A01010
SANWARIA,EQ,8.2,8.25,7.75,8,8,7.9,283625,2262117.95,31-MAR-2017,439,INE890C01046
SARDAEN,EQ,242.8,245,238.5,243,239.2,240.75,351160,84312681.65,31-MAR-2017,1284,INE385C01013
SAREGAMA,EQ,234,244.3,231.2,233.65,233.8,233.75,59612,14134761.15,31-MAR-2017,1551,INE979A01017
SARLAPOLY,EQ,60.45,60.45,57.6,58.6,58.9,59.55,85400,5016642.45,31-MAR-2017,688,INE453D01025
SASKEN,EQ,381.15,386.95,380.1,383.75,383,383.5,4064,1562181.25,31-MAR-2017,244,INE231F01020
SASTASUNDR,EQ,96.85,100.9,95.25,99.5,98.75,95.8,71451,7088292.9,31-MAR-2017,443,INE019J01013
SATHAISPAT,EQ,55,55,53.5,54,53.95,54.8,52627,2867552,31-MAR-2017,174,INE176C01016
SATIN,EQ,360.9,360.9,351,356.1,353.6,355.3,147351,52596286.9,31-MAR-2017,4253,INE836B01017
SBIN,EQ,292,295,288.5,293.4,293.3,291.05,20185269,5909720950.1,31-MAR-2017,121335,INE062A01020
SBIN,N5,11100,11229.99,11100,11192.58,11191,11234,118,1320534.91,31-MAR-2017,22,INE062A08058
SCHNEIDER,EQ,141.65,144,139.6,141.9,142,140.55,140702,19931012.25,31-MAR-2017,2108,INE839M01018
SCI,EQ,73.6,77.85,73.05,76.65,76.85,72.95,4324503,328943525.45,31-MAR-2017,18820,INE109A01011
SDBL,EQ,135,135,127.75,130.85,128.2,133.2,25613,3384805.65,31-MAR-2017,267,INE480C01012
SEAMECLTD,EQ,94.6,99.35,80.55,84.3,85.1,93.4,1102736,96768065.9,31-MAR-2017,7251,INE497B01018
SEINV,EQ,172.1,175,166.4,172.5,173.1,172.05,1630,279283.55,31-MAR-2017,73,INE420C01042
SELAN,EQ,157.7,177.4,157.15,174.95,175.8,157.5,1221265,205042363.55,31-MAR-2017,11613,INE818A01017
SELMCL,EQ,3.1,3.15,3.05,3.15,3.15,3.15,82291,256699.3,31-MAR-2017,77,INE105I01012
SENSEXIWIN,EQ,306.07,306.43,305.41,306.43,306.43,306.01,12,3675.78,31-MAR-2017,3,INF346A01034
SEPOWER,EQ,10.95,11.4,10.95,11.3,11.4,11.4,2549,28601.1,31-MAR-2017,26,INE735M01018
SEQUENT,EQ,129,133.05,126.95,128.15,126.95,128.5,155106,20194334.35,31-MAR-2017,1620,INE807F01027
SERVALL,EQ,3,3.1,3,3.1,3.1,3,672,2017.1,31-MAR-2017,4,INE431L01016
SESHAPAPER,EQ,794,814.25,777.1,780.9,784,797.45,7700,6096090.45,31-MAR-2017,473,INE630A01016
SETCO,EQ,34.25,34.65,34.1,34.5,34.5,34.25,975882,33643872.8,31-MAR-2017,2493,INE878E01021
SETF10GILT,EQ,161.99,162.05,161.99,162.05,162.05,159.5,166,26891.7,31-MAR-2017,4,INF200KA1JT1
SETFGOLD,EQ,2630,2630,2618.55,2621.5,2621.05,2638.9,20999,55170276.6,31-MAR-2017,956,INF200K01099
SETFNIF50,EQ,92.45,92.74,92,92.52,92.52,92.73,39646,3669880.05,31-MAR-2017,50,INF200KA1FS1
SETFNIFBK,EQ,220,220,217.6,217.6,217.6,218.72,140064,30477989.2,31-MAR-2017,22,INF200KA1580
SETFNN50,EQ,256.6,257.75,255.55,255.55,255.55,255.6,157,40389.85,31-MAR-2017,6,INF200KA1598
SEZAL,EQ,5.45,5.65,5.15,5.4,5.4,5.4,17243,91417.2,31-MAR-2017,26,INE955I01036
SFL,EQ,1093.05,1165,1080,1125.2,1125,1089.2,47468,53423497.8,31-MAR-2017,4073,INE916U01025
SGBAUG24,GB,2801.5,2801.5,2756,2774.7,2782,2812.32,276,764328.3,31-MAR-2017,40,IN0020160027
SGBFEB24,GB,2785,2785,2751,2753,2753,2798,37,102215,31-MAR-2017,7,IN0020150101
SGBMAR24,GB,2750,2751,2750,2750,2750,2799,34,93505,31-MAR-2017,5,IN0020150119
SGBNOV23,GB,2845,2845,2845,2845,2845,2795,21,59745,31-MAR-2017,5,IN0020150085
SGBNOV24,GB,2740,2744.9,2729,2738.46,2740,2750,158,432419.31,31-MAR-2017,27,IN0020160076
SGBSEP24,GB,2800,2800,2782,2786,2786,2786.51,67,187300.14,31-MAR-2017,22,IN0020160043
SGL,EQ,12.15,13,11.85,12.8,12.9,12.15,35583,433089.5,31-MAR-2017,44,INE353H01010
SHAHALLOYS,EQ,16,16.7,16,16.2,16.05,16.4,542,8681.45,31-MAR-2017,5,INE640C01011
SHAKTIPUMP,EQ,197.5,199.5,195.4,197.1,197,195.8,47971,9434065.65,31-MAR-2017,716,INE908D01010
SHALPAINTS,EQ,170,170,158.9,165.25,166,169,195393,32387551.2,31-MAR-2017,2674,INE849C01026
SHANTIGEAR,EQ,109,112.3,106.95,111.25,112.05,108.6,51588,5671923.25,31-MAR-2017,655,INE631A01022
SHARDACROP,EQ,476.9,494,470.05,487.65,493.35,475.8,29054,14081346.5,31-MAR-2017,1174,INE221J01015
SHARDAMOTR,EQ,1970.4,2096.65,1970.4,2074.3,2066,1958.85,8649,17741351.2,31-MAR-2017,816,INE597I01010
SHARIABEES,EQ,216,216,202,216,216,212,111,22976,31-MAR-2017,5,INF732E01128
SHARONBIO,EQ,8.05,8.1,8,8.05,8.05,8.05,132912,1070410.8,31-MAR-2017,170,INE028B01029
SHEMAROO,EQ,375.45,387.7,373.8,377.65,377,372.9,147933,56151653.35,31-MAR-2017,1215,INE363M01019
SHILPAMED,BL,612,618,612,615.65,618,617,3784122,2321227188,31-MAR-2017,7,INE790G01031
SHILPAMED,EQ,612.3,640,612.25,637.45,637.5,610.3,400148,248083246.8,31-MAR-2017,2596,INE790G01031
SHILPI,EQ,219.6,220.45,217,218,218.95,219,400055,87565036.8,31-MAR-2017,4456,INE510K01019
SHIRPUR-G,EQ,106.85,106.85,99.05,100.15,99.6,103.75,15721,1595797.85,31-MAR-2017,209,INE196B01016
SHIVAMAUTO,EQ,46.3,46.75,44.8,45.1,45,45.8,61696,2820211.15,31-MAR-2017,511,INE637H01024
SHIVTEX,EQ,351.4,365.85,347.95,363.1,363.5,352.1,11846,4262851.75,31-MAR-2017,679,INE705C01012
SHK,EQ,299.8,300.85,295.1,296.45,296.1,298.85,15156,4504727.75,31-MAR-2017,643,INE500L01026
SHOPERSTOP,EQ,360,376.95,358.8,365.15,367,361.55,104729,38612740.9,31-MAR-2017,2275,INE498B01024
SHREECEM,EQ,17249,17474,16960.9,17083.2,16980.15,17248.2,28299,486703169.95,31-MAR-2017,11462,INE070A01015
SHREEPUSHK,EQ,197,205,194.25,200.45,200,196.7,239587,48243278.9,31-MAR-2017,3395,INE712K01011
SHREERAMA,EQ,13.2,13.2,12.6,12.7,12.7,12.8,18267,233122.8,31-MAR-2017,59,INE879A01019
SHREYANIND,EQ,138,141.25,132,134.25,136,137.2,47306,6467609.5,31-MAR-2017,623,INE231C01019
SHREYAS,EQ,290.1,329.9,290,316.5,316.15,290.1,746269,237940557.6,31-MAR-2017,20246,INE757B01015
SHRIPISTON,BE,1210,1210,1210,1210,1210,1214,15,18150,31-MAR-2017,3,INE526E01018
SHRIRAMCIT,EQ,2224,2400,2210,2359.7,2360,2208.05,105942,246054286.7,31-MAR-2017,2290,INE722A01011
SHRIRAMCIT,N8,1004,1004,1004,1004,1004,1017,20,20080,31-MAR-2017,1,INE722A07422
SHRIRAMCIT,NG,1439.01,1439.01,1439.01,1439.01,1439.01,1435.06,100,143901,31-MAR-2017,1,INE722A07505
SHRIRAMEPC,EQ,27.75,28.4,27.3,27.75,27.9,27.55,141200,3923984.8,31-MAR-2017,781,INE964H01014
SHYAMCENT,EQ,7.6,8.05,7.6,7.95,8.05,7.8,26453,208908,31-MAR-2017,13,INE979R01011
SHYAMTEL,EQ,28,29.4,26.7,27.85,27.4,27.9,12947,362689.65,31-MAR-2017,103,INE635A01023
SICAGEN,EQ,26.5,26.5,25.45,25.65,25.45,26.25,21892,567884.95,31-MAR-2017,134,INE176J01011
SICAL,EQ,262.75,265,260.3,262.85,262,259.1,26818,7049684.15,31-MAR-2017,648,INE075B01012
SIEMENS,EQ,1255,1265,1227,1255.2,1255,1251.2,189994,238301205.15,31-MAR-2017,6970,INE003A01024
SIGNET,BL,16.25,16.35,16.25,16.3,16.35,15.7,19000000,309350000,31-MAR-2017,4,INE529F01027
SIGNET,EQ,16.2,17.4,15.8,17.2,16.95,16.05,19043431,318532182,31-MAR-2017,7277,INE529F01027
SIL,BE,22.8,22.8,21.7,22,22,22,3807,84621,31-MAR-2017,40,INE173A01025
SILINV,EQ,151.35,152.75,147.75,148.85,148,148.05,1120,166900.35,31-MAR-2017,29,INE923A01015
SIMBHALS,EQ,32.8,33.45,31.9,32.4,32,33.05,107486,3507816.95,31-MAR-2017,275,INE748T01016
SIMPLEX,BE,30.65,32.65,30.55,31.55,30.85,31.1,14256,444505.35,31-MAR-2017,71,INE898F01018
SIMPLEXINF,EQ,312.75,315.5,304.05,308.05,304.1,314.85,56201,17403611.05,31-MAR-2017,524,INE059B01024
SINTEX,EQ,105.5,106.75,105.15,105.75,105.8,105.4,3719336,393954531.75,31-MAR-2017,17081,INE429C01035
SITASHREE,EQ,7,7,6.8,6.85,6.9,6.9,45508,314068.55,31-MAR-2017,85,INE686I01011
SITINET,EQ,39,39,37.6,37.95,38,38.05,393027,14947042.4,31-MAR-2017,2012,INE965H01011
SIYSIL,EQ,1683.2,1710,1680.05,1694.7,1710,1695.05,2850,4824357.75,31-MAR-2017,293,INE076B01010
SJVN,EQ,33.6,34.8,33.5,33.65,33.55,33.55,1179155,40151833.9,31-MAR-2017,3178,INE002L01015
SKFINDIA,EQ,1558.6,1620,1518,1599.8,1595,1557.85,70562,112656561.8,31-MAR-2017,4362,INE640A01023
SKIL,EQ,21.2,21.95,18.5,19.4,19.4,20.5,2305780,46694390.95,31-MAR-2017,5824,INE429F01012
SKIPPER,EQ,176,188,174.15,183.85,181.05,174.85,397592,72514338.6,31-MAR-2017,4742,INE439E01022
SKMEGGPROD,BE,81.5,81.5,78.55,79.1,79,80.05,20225,1608937.1,31-MAR-2017,177,INE411D01015
SMARTLINK,EQ,99,99.15,97.2,97.85,98,97.95,34832,3423952.2,31-MAR-2017,458,INE178C01020
SMCSRVIRG,MF,13.82,13.82,13.82,13.82,13.82,13.82,500,6910,31-MAR-2017,1,INF903J01U44
SMCSRVRG,MF,11.63,11.63,11.63,11.63,11.63,11.42,2500,29075,31-MAR-2017,1,INF903J01R07
SMLISUZU,EQ,1252,1336,1245,1289.55,1288.9,1252.6,107159,139557936.75,31-MAR-2017,5701,INE294B01019
SMPL,EQ,2.3,2.3,2.15,2.2,2.2,2.25,61119,133881.9,31-MAR-2017,59,INE215G01021
SMSPHARMA,EQ,86.45,86.5,85.5,85.65,85.55,86.05,28845,2476065.2,31-MAR-2017,219,INE812G01025
SNOWMAN,EQ,64.75,65.05,63.25,63.4,63.35,64.6,661472,42199317.55,31-MAR-2017,3792,INE734N01019
SOBHA,EQ,354,360.7,341.15,343.5,342.3,353.95,164806,57348262.8,31-MAR-2017,8507,INE671H01015
SOLARINDS,EQ,761.75,796,755.1,788.2,786.5,757.4,32462,25358468.9,31-MAR-2017,1160,INE343H01029
SOMANYCERA,EQ,667.7,697,667.4,688.2,687.9,667.8,16712,11524075.3,31-MAR-2017,980,INE355A01028
SOMATEX,BE,12.1,13.1,12.1,12.5,12.8,12.65,25724,320453.5,31-MAR-2017,64,INE314C01013
SOMICONVEY,EQ,56.75,57.1,56.25,56.25,56.25,56.85,1728,98115.45,31-MAR-2017,25,INE323J01019
SONASTEER,EQ,82.15,82.15,81.65,81.65,81.65,81.7,137491,11227535.3,31-MAR-2017,205,INE643A01035
SONATSOFTW,EQ,168.8,173,165.65,168.65,171.1,168.8,145814,24535763,31-MAR-2017,4287,INE269A01021
SORILINFRA,EQ,101,105.95,95.1,99.35,99.25,99,342513,35237790.15,31-MAR-2017,4565,INE034H01016
SOTL,EQ,910,955,900,933.2,931.1,909.9,5146,4805600.55,31-MAR-2017,278,INE035D01012
SOUTHBANK,EQ,20.4,21.6,20.25,21.35,21.4,20.25,38565412,815797344.9,31-MAR-2017,36988,INE683A01023
SPAL,EQ,432.05,438.9,423,428.5,432,432.4,30710,13188357,31-MAR-2017,1399,INE212I01016
SPARC,EQ,317,322.75,315.1,316.45,316.05,316.3,127629,40670501.45,31-MAR-2017,2876,INE232I01014
SPCENET,EQ,0.6,0.7,0.6,0.65,0.6,0.65,43269,26957.95,31-MAR-2017,59,INE970N01027
SPECIALITY,BE,85.3,89.9,84.1,85.8,88.8,86.15,23872,2047590.15,31-MAR-2017,142,INE247M01014
SPENTEX,EQ,3.35,3.5,3.25,3.5,3.5,3.35,80431,272509.1,31-MAR-2017,61,INE376C01020
SPHEREGSL,EQ,65,65.1,62.3,63.6,63.9,64.1,31063,1977826.35,31-MAR-2017,139,INE737B01033
SPIC,EQ,22.5,24.5,22.5,23.5,23.5,22.5,1024437,24347535.2,31-MAR-2017,2704,INE147A01011
SPICEMOBI,EQ,15.2,16,14.2,14.55,14.55,14.85,16100,239455.95,31-MAR-2017,106,INE927C01020
SPLIL,EQ,23.9,24.8,23.5,23.6,23.5,23.95,9377,223351.45,31-MAR-2017,82,INE978G01016
SPMLINFRA,EQ,60.1,61.1,57,59.65,61,60.75,29170,1758532.45,31-MAR-2017,209,INE937A01023
SPYL,EQ,0.5,0.5,0.4,0.45,0.45,0.45,1688739,759983.05,31-MAR-2017,156,INE268L01020
SQSBFSI,EQ,558.05,558.2,544,547.65,546.35,550.2,10246,5629413.35,31-MAR-2017,581,INE201K01015
SREEL,EQ,126.4,126.95,121,121.55,122.1,123.55,18031,2186505.2,31-MAR-2017,178,INE099F01013
SREIBNPNCD,NI,980,980,980,980,980,980,48,47040,31-MAR-2017,1,INE881J07EK4
SREIBNPNCD,NL,997.5,997.5,997.5,997.5,997.5,998,10,9975,31-MAR-2017,1,INE881J07EN8
SREINFRA,EQ,81.35,84,81.35,82.95,83.25,80.9,1936109,160620294.1,31-MAR-2017,13265,INE872A01014
SREINFRA,NM,996,996.01,996,996.01,996.01,995,21,20916.03,31-MAR-2017,3,INE872A07ST3
SREINFRA,NT,1049.99,1049.99,1049.99,1049.99,0.0,1045,20,20999.8,31-MAR-2017,1,INE872A07SY3
SREINFRA,NW,999.99,1000,999.99,999.99,1000,994.62,40,39999.8,31-MAR-2017,2,INE872A07TY1
SREINFRA,NZ,1020,1020,1020,1020,1020,1020,7,7140,31-MAR-2017,1,INE872A07UA9
SREINFRA,Y1,1010,1010,1010,1010,1010,1001,20,20200,31-MAR-2017,2,INE872A07UB7
SREINFRA,Y9,988.1,990,988.1,990,990,995,126,124738.1,31-MAR-2017,9,INE872A07UJ0
SRF,EQ,1605.85,1638.9,1602.55,1627.15,1629.9,1604.1,203767,329563355.95,31-MAR-2017,10213,INE647A01010
SRGINFOTEC,BE,0.25,0.3,0.25,0.25,0.25,0.25,3401,850.3,31-MAR-2017,5,INE376A01032
SRHHYPOLTD,EQ,127.95,127.95,122.3,124.65,125,124.85,21425,2658251.75,31-MAR-2017,151,INE917H01012
SRIPIPES,EQ,386,395.55,385.85,390,388.2,386.95,48404,18886161.4,31-MAR-2017,1501,INE943C01027
SRSLTD,EQ,4.5,4.5,4.3,4.3,4.4,4.5,1132825,4934466.6,31-MAR-2017,874,INE219H01039
SRTRANSFIN,EQ,1062.5,1084.15,1052,1078,1078,1052.7,710114,760808204.8,31-MAR-2017,30196,INE721A01013
SRTRANSFIN,N9,999.01,1002.3,999.01,1002.3,1002.3,1002.4,260,260400.6,31-MAR-2017,5,INE721A07AO1
SRTRANSFIN,NS,1008,1008,1003,1003,1003,1000,100,100550,31-MAR-2017,2,INE721A07DM9
SRTRANSFIN,NW,1017.5,1024.15,1017.5,1022,1022,1020,194,198285,31-MAR-2017,4,INE721A07FV5
SRTRANSFIN,NX,1010.5,1023,1010.5,1019,1018,1015.15,29,29576.44,31-MAR-2017,9,INE721A07FW3
SRTRANSFIN,NZ,1480,1480,1480,1480,1480,1467,51,75480,31-MAR-2017,1,INE721A07FY9
SRTRANSFIN,Y6,1575,1575,1575,1575,1575,1575,10,15750,31-MAR-2017,1,INE721A07GW1
SRTRANSFIN,Y7,1070,1070.1,1060.6,1070,1070,1070.25,342,364687.7,31-MAR-2017,11,INE721A07HH0
SRTRANSFIN,Y9,1177,1177,1177,1177,1177,1177,50,58850,31-MAR-2017,1,INE721A07HJ6
SRTRANSFIN,YA,1050,1050,1050,1050,1050,1050,20,21000,31-MAR-2017,1,INE721A07HK4
SRTRANSFIN,YB,1170.8,1170.8,1076,1150,1150,1085,60,67936,31-MAR-2017,3,INE721A07HL2
SRTRANSFIN,YD,1382,1382,1382,1382,1382,1392.01,83,114706,31-MAR-2017,2,INE721A07HN8
SSWL,EQ,824,827,799.15,825.6,825,809.2,18746,15356771.85,31-MAR-2017,1607,INE802C01017
STAMPEDE,EQ,20.05,21.3,19.75,20.25,20.2,20,11837430,241843101.9,31-MAR-2017,2762,INE224E01028
STAN,DR,52.7,53.95,52.6,53.95,53.95,52.75,1506,80283.75,31-MAR-2017,19,INE028L21018
STAR,EQ,1098,1104.9,1091,1098.5,1098.2,1103.8,587679,644497021,31-MAR-2017,9450,INE939A01011
STARPAPER,EQ,186.85,188.05,175.55,177.15,177.5,185.05,227095,40856759.2,31-MAR-2017,3376,INE733A01018
STCINDIA,EQ,157.15,162.7,156.9,158.75,158.9,157.15,195264,31346310.8,31-MAR-2017,2708,INE655A01013
STEELCITY,SM,66.7,68,66.15,66.15,66.15,67.25,30000,2027400,31-MAR-2017,11,INE395H01011
STEL,EQ,65,67.6,63.3,67.6,67.6,64.4,11039,730556.1,31-MAR-2017,143,INE577L01016
STERLINBIO,EQ,4.25,4.4,4.1,4.3,4.25,4.2,299224,1268442.8,31-MAR-2017,182,INE324C01038
STERTOOLS,EQ,220.2,225.35,219.2,224.4,223.5,221.25,24273,5428326.65,31-MAR-2017,625,INE334A01023
STINDIA,EQ,16,16.25,14.8,15.9,15.9,15.5,2522,38270.2,31-MAR-2017,17,INE090C01019
STRTECH,EQ,127.25,128.2,125.25,125.9,126,126.3,414844,52421416.05,31-MAR-2017,3219,INE089C01029
SUBEX,EQ,11.05,11.35,10.85,11,11.05,11.05,2485657,27463762.05,31-MAR-2017,1774,INE754A01014
SUBROS,EQ,214.5,217,206.1,212.15,212.5,212.85,170224,35983094.3,31-MAR-2017,3030,INE287B01021
SUDARSCHEM,EQ,352.75,354.4,345.65,348.4,346,348.15,99896,35064645.75,31-MAR-2017,3227,INE659A01023
SUJANAUNI,EQ,1.35,1.35,1.3,1.35,1.35,1.35,94980,126170.5,31-MAR-2017,49,INE216G01011
SUMEETINDS,EQ,34.9,34.95,33.4,33.85,33.5,34.55,314021,10758862.7,31-MAR-2017,1260,INE235C01010
SUMMITSEC,EQ,537.45,550,534,537.05,535.1,540.3,620,335399.8,31-MAR-2017,114,INE519C01017
SUNCLAYLTD,EQ,3683,3771,3560.3,3642.35,3599.95,3696.9,1149,4227397.35,31-MAR-2017,365,INE105A01035
SUNDARAM,EQ,2.7,2.8,2.7,2.75,2.75,2.7,496538,1358855.05,31-MAR-2017,197,INE108E01023
SUNDARMFIN,EQ,1630,1630.5,1588.55,1614.75,1615,1600.85,88440,142855122.05,31-MAR-2017,2960,INE660A01013
SUNDRMBRAK,EQ,414,422.85,406,411.25,412,411.95,13698,5670418,31-MAR-2017,889,INE073D01013
SUNDRMFAST,EQ,394.95,404,383.15,386,387,393.65,266332,105885659.5,31-MAR-2017,7200,INE387A01021
SUNFLAG,EQ,36.9,37.2,36.5,36.8,36.8,36.5,154227,5682930.3,31-MAR-2017,982,INE947A01014
SUNILHITEC,EQ,11.65,12.15,11.65,11.8,11.8,11.65,2028975,24088335.75,31-MAR-2017,2413,INE305H01028
SUNPHARMA,EQ,685.2,694.05,684.6,688.15,686,687.05,2898457,1999789722.9,31-MAR-2017,40231,INE044A01036
SUNTECK,EQ,386,391.95,376.45,379.7,380.4,379.95,122495,46931049.05,31-MAR-2017,3718,INE805D01026
SUNTV,EQ,791.95,797.85,788,790.65,790.05,788.25,628659,498642057.55,31-MAR-2017,10033,INE424H01027
SUPERHOUSE,EQ,148.35,148.35,144.2,144.4,144.2,145.1,3971,577719.85,31-MAR-2017,127,INE712B01010
SUPERSPIN,EQ,12.3,12.6,12.05,12.1,12.1,11.95,45177,556166.8,31-MAR-2017,154,INE662A01027
SUPPETRO,EQ,301.6,306,300.1,302.95,302,304.1,15805,4793783.15,31-MAR-2017,929,INE663A01017
SUPRAJIT,EQ,237,242,234.8,240.45,237.5,238.65,129731,31155413.45,31-MAR-2017,5317,INE399C01030
SUPREMEIND,EQ,1085,1107,1060.05,1092.65,1094,1070.85,51635,56243503.7,31-MAR-2017,8444,INE195A01028
SUPREMEINF,EQ,87.95,88.1,86.3,86.8,87,88.35,22390,1956363.25,31-MAR-2017,221,INE550H01011
SUPREMETEX,EQ,3.75,3.8,3.7,3.8,3.8,3.65,77703,294643.9,31-MAR-2017,90,INE651G01027
SURANACORP,EQ,1.2,1.2,1.2,1.2,1.2,1.15,1600,1920,31-MAR-2017,2,INE357D01010
SURANAIND,BE,4.8,4.8,4.65,4.8,4.8,4.6,144560,693127.45,31-MAR-2017,56,INE659D01019
SURANASOL,EQ,20.5,20.5,20,20.2,20.25,20.05,66755,1341653.7,31-MAR-2017,202,INE272L01022
SURANAT&P,EQ,4.5,4.75,4.35,4.75,4.75,4.65,28030,128834.4,31-MAR-2017,43,INE130B01031
SURYALAXMI,EQ,107.95,108,105,106.15,106,107.85,66141,7077385.15,31-MAR-2017,343,INE713B01026
SURYAROSNI,EQ,206.95,215,206,212.65,212.85,203.25,403833,85607496.4,31-MAR-2017,5014,INE335A01012
SUTLEJTEX,EQ,812.1,824.9,805,814.7,818,816.5,778,630830.4,31-MAR-2017,109,INE645H01019
SUVEN,EQ,166.55,167.4,165,165.4,165,166,168784,28007572.05,31-MAR-2017,9450,INE495B01038
SUZLON,EQ,19.65,19.85,18.95,19.1,19.1,19.45,142064863,2758193129.6,31-MAR-2017,47605,INE040H01021
SWANENERGY,EQ,144.4,146.5,140.25,141.35,141.3,141.25,817408,116255996.55,31-MAR-2017,5611,INE665A01038
SWARAJENG,EQ,1470,1493.4,1437.5,1483.5,1479,1465.75,5942,8764354.7,31-MAR-2017,820,INE277A01016
SWELECTES,EQ,341.4,351.95,338.55,342.3,341.9,341,52287,17942750.75,31-MAR-2017,208,INE409B01013
SYMPHONY,EQ,1510,1538,1500,1529.15,1521,1502.95,104447,158910940.9,31-MAR-2017,4690,INE225D01027
SYNCOM,EQ,5.6,5.95,5.6,5.7,5.8,5.7,72958,420209.2,31-MAR-2017,161,INE602K01014
SYNDIBANK,EQ,70.95,72.35,70.5,71.25,71.05,70.75,2287842,163325845.55,31-MAR-2017,6130,INE667A01018
SYNGENE,EQ,525,528.8,517.55,520.75,522.25,526.7,170385,88820402.75,31-MAR-2017,6671,INE398R01022
TAINWALCHM,EQ,55.35,58,55.35,56.5,56.5,56.35,1783,101114.6,31-MAR-2017,15,INE123C01018
TAJGVK,EQ,138.8,158,136.5,154.55,155,136,399395,60459590.15,31-MAR-2017,4868,INE586B01026
TAKE,EQ,131.9,132.6,125.1,126.2,126.95,131.9,238586,30514820.8,31-MAR-2017,2486,INE142I01023
TALBROAUTO,EQ,144,152.15,142.75,144.35,143.6,141.3,109422,16061870.05,31-MAR-2017,1632,INE187D01011
TALWALKARS,EQ,260.1,269.85,259.05,267.3,266,257.3,201327,53345263.55,31-MAR-2017,3620,INE502K01016
TANLA,EQ,48.6,49.6,44,48.3,48.6,48.6,997465,47723815.8,31-MAR-2017,4523,INE483C01032
TANTIACONS,BE,19,19.6,18.6,19.1,19.05,19.15,5804,111028.45,31-MAR-2017,34,INE388G01018
TARAJEWELS,EQ,39.4,39.4,38.05,38.25,38.1,38.55,33008,1265718.3,31-MAR-2017,176,INE799L01016
TARAPUR,BE,7.55,7.85,7.4,7.7,7.85,7.75,5829,43591.6,31-MAR-2017,18,INE747K01017
TARMAT,EQ,43.5,45.1,43.5,45,45.1,44.7,2870,128709.75,31-MAR-2017,36,INE924H01018
TASTYBITE,EQ,4450,4803,4439.95,4699.8,4610,4444.55,2171,9931783.55,31-MAR-2017,205,INE488B01017
TATACHEM,EQ,594.55,606.5,591.6,598.75,599.7,594.55,480922,289407343.8,31-MAR-2017,8035,INE092A01019
TATACOFFEE,EQ,125.1,127.75,124.75,126.2,125.7,125.2,580099,73324979.95,31-MAR-2017,8862,INE493A01027
TATACOMM,EQ,714.3,728.5,706,722.05,722.5,713.8,612775,440344969.75,31-MAR-2017,14169,INE151A01013
TATAELXSI,EQ,1475,1491.4,1460.5,1464.9,1463.9,1474.6,125695,185453633.7,31-MAR-2017,5747,INE670A01012
TATAGLOBAL,EQ,151.45,152.1,150.1,150.55,150.5,150.15,1193137,180330771.15,31-MAR-2017,17747,INE192A01025
TATAINVEST,EQ,620.05,653,620.05,636.05,634.5,620.25,140734,90122493.6,31-MAR-2017,4827,INE672A01018
TATAMETALI,EQ,568.4,589.7,566.05,586.7,588.6,564.4,905546,527584714.95,31-MAR-2017,18125,INE056C01010
TATAMOTORS,EQ,466.5,472.5,464.5,465.85,467.35,468.4,6400088,2995607487.2,31-MAR-2017,98614,INE155A01022
TATAMTRDVR,EQ,283,285,280.45,282.15,282.15,281.6,935940,264628226.35,31-MAR-2017,16091,IN9155A01020
TATAPOWER,EQ,90.5,91,88.55,90.35,90.3,89.9,5424608,488641026.65,31-MAR-2017,28675,INE245A01021
TATASPONGE,EQ,703.1,718.8,695.75,698.55,698.5,701.2,331035,234344001.25,31-MAR-2017,7776,INE674A01014
TATASTEEL,EQ,480.65,485.9,479.05,482.7,481.75,477.5,3215307,1554160192.1,31-MAR-2017,43213,INE081A01012
TBZ,EQ,77.7,79.3,76.5,77.5,77.15,77.9,119623,9356022.05,31-MAR-2017,1236,INE760L01018
TCFSL,N9,1385.9,1385.9,1385.9,1385.9,1385.9,1385.89,133,184324.7,31-MAR-2017,2,INE306N07BN4
TCI,EQ,228.4,242,227,233.45,233.5,225.2,241693,56859664.6,31-MAR-2017,4462,INE688A01022
TCIDEVELOP,EQ,360.3,367.9,360,363.25,367.9,356.2,54,19540.65,31-MAR-2017,8,INE662L01016
TCIEXP,EQ,399.9,411.15,392.65,397.9,397.9,398.1,61922,24969747.75,31-MAR-2017,1746,INE586V01016
TCIFINANCE,EQ,25.1,25.75,24.75,24.85,24.75,25.1,86927,2182736.85,31-MAR-2017,352,INE911B01018
TCS,EQ,2438.4,2440.85,2415,2431.8,2423.1,2441,933522,2265321422.25,31-MAR-2017,43625,INE467B01029
TDPOWERSYS,EQ,213.8,235.9,213.55,230.9,232,214.5,816871,186373894.65,31-MAR-2017,14187,INE419M01019
TEAMLEASE,EQ,977,993.45,960.85,972.05,975,957.7,81851,79413346.35,31-MAR-2017,985,INE985S01024
TECHIN,EQ,4.75,4.75,4.75,4.75,4.75,4.65,58,275.5,31-MAR-2017,1,INE778A01021
TECHM,EQ,462,464,454.6,459.15,457.5,461.2,2581903,1183604038.15,31-MAR-2017,49255,INE669C01036
TECHNO,EQ,397,404,384.65,400.55,397,398,69376,27581573.5,31-MAR-2017,3024,INE286K01024
TECHNOFAB,EQ,193.75,193.75,189.05,189.7,191,191.4,7578,1443259.75,31-MAR-2017,104,INE509K01011
TERASOFT,EQ,98.65,104.55,97.5,101.5,101.05,98.5,75127,7645564.4,31-MAR-2017,856,INE482B01010
TEXINFRA,EQ,41.5,41.5,40.5,40.65,40.85,41.05,41749,1708994.35,31-MAR-2017,369,INE435C01024
TEXMOPIPES,EQ,20.5,21,19.75,20.2,20.4,20.75,196210,3999787.5,31-MAR-2017,523,INE141K01013
TEXRAIL,EQ,93.05,94.9,92.4,92.8,92.7,92.55,733738,68726389.65,31-MAR-2017,3679,INE621L01012
TFCILTD,EQ,81.5,83.7,79.75,82.2,82.25,81.1,1925254,157212409.45,31-MAR-2017,12859,INE305A01015
TFL,EQ,11.5,11.5,9.2,10.3,10.4,10.2,4304,42935.25,31-MAR-2017,65,INE804H01012
TGBHOTELS,EQ,53.5,54.7,53,53.4,53.3,53.1,105591,5656420.1,31-MAR-2017,857,INE797H01018
THANGAMAYL,EQ,221,243.95,216.05,231.6,229,224.9,14688,3413995.3,31-MAR-2017,233,INE085J01014
THEJO,SM,212,212,212,212,212,180,600,127200,31-MAR-2017,1,INE121N01019
THEMISMED,EQ,619.95,620.05,610.25,612.65,612,620,1653,1012916.35,31-MAR-2017,24,INE083B01016
THERMAX,EQ,980,997.8,956,979.95,984,989.65,172916,168468488.95,31-MAR-2017,8284,INE152A01029
THIRUSUGAR,EQ,59.5,60.6,56.2,57.7,56.85,59.55,65157,3827784.2,31-MAR-2017,557,INE409A01015
THOMASCOOK,EQ,233,235.95,230.3,232.9,232.65,234.35,128291,29978823.25,31-MAR-2017,4425,INE332A01027
THYROCARE,EQ,704.35,725.9,697,717.8,725,699.2,39090,27911202.45,31-MAR-2017,1202,INE594H01019
TI,EQ,13.6,14,13.55,13.7,13.8,13.75,757659,10493886.3,31-MAR-2017,340,INE133E01013
TIDEWATER,EQ,6018.95,6084.95,5989,6019.05,6015,6021.25,1132,6831630.7,31-MAR-2017,424,INE484C01022
TIIL,EQ,444,479,440,463.4,461,433.4,119218,55706356,31-MAR-2017,3549,INE545H01011
TIJARIA,EQ,6.4,6.4,6.15,6.25,6.2,6.1,2047,12779.4,31-MAR-2017,12,INE440L01017
TIL,EQ,278.25,297.9,278,291.45,291,281.45,32450,9372479.9,31-MAR-2017,2000,INE806C01018
TIMESGTY,BE,34.6,34.6,34.5,34.5,34.5,33.1,231,7969.6,31-MAR-2017,2,INE289C01025
TIMETECHNO,EQ,123.85,124.4,121.65,123.8,123.65,123.15,168569,20749686.1,31-MAR-2017,1483,INE508G01029
TIMKEN,EQ,622.05,648.05,622,645.05,646,626.15,45134,28865766.4,31-MAR-2017,2485,INE325A01013
TINPLATE,EQ,77.5,78.65,77.25,77.5,77.4,77.4,258576,20119021.2,31-MAR-2017,1948,INE422C01014
TIPSINDLTD,EQ,61.2,62.2,58.25,59.3,59.6,61.25,12887,763747.15,31-MAR-2017,183,INE716B01011
TIRUMALCHM,EQ,912.2,924,875.35,883.35,882,907.4,74312,66939968.35,31-MAR-2017,3338,INE338A01016
TITAN,EQ,457.3,466.8,452.55,462.75,458.6,457.3,942301,433565128.05,31-MAR-2017,17043,INE280A01028
TMRVL,EQ,218.3,223,212.6,214.75,212.6,217.4,42389,9292795.2,31-MAR-2017,700,INE759V01019
TNPETRO,EQ,36.8,38,36.55,36.8,36.95,36.8,239898,8950657.65,31-MAR-2017,1220,INE148A01019
TNPL,EQ,319,319,313.3,314.65,314,316.75,193485,61240810.55,31-MAR-2017,4267,INE107A01015
TNTELE,BE,2.75,2.75,2.75,2.75,2.75,2.75,600,1650,31-MAR-2017,2,INE141D01018
TOKYOPLAST,EQ,111.1,119,110.8,115.3,114.2,111.85,96888,11254055.7,31-MAR-2017,889,INE932C01012
TORNTPHARM,EQ,1504.4,1575.25,1486.55,1552.6,1548.8,1497.15,369693,568665374.1,31-MAR-2017,20508,INE685A01028
TORNTPOWER,EQ,233.1,239.65,226.75,230.35,228.05,236.5,2156050,506319263.6,31-MAR-2017,18490,INE813H01021
TPLPLASTEH,EQ,475.05,525,475.05,517.3,503,491.3,10791,5548803.6,31-MAR-2017,211,INE413G01014
TREEHOUSE,EQ,18.85,19.2,18.7,18.8,18.7,18.9,90805,1717340.15,31-MAR-2017,468,INE040M01013
TRENT,EQ,258,270,254.1,266.7,266,256.15,574760,152100550.15,31-MAR-2017,5498,INE849A01020
TRF,EQ,229.9,236,225.75,227.4,226.5,228.05,111147,25673676.45,31-MAR-2017,6012,INE391D01019
TRIDENT,EQ,87,87.6,86.1,86.45,86.3,86.15,722206,62773251.6,31-MAR-2017,5451,INE064C01014
TRIGYN,EQ,112.7,117.3,112.7,114.7,114,114.15,54548,6272486.9,31-MAR-2017,633,INE948A01012
TRIL,EQ,397.4,415,397.4,406.45,408,399.4,18237,7446392.45,31-MAR-2017,912,INE763I01018
TRITURBINE,EQ,137,147.3,135.85,144.9,144.9,137.95,369827,53601813.95,31-MAR-2017,5371,INE152M01016
TRIVENI,EQ,90.85,91.8,87.75,88.55,88,87.85,2105228,189096902.4,31-MAR-2017,10287,INE256C01024
TTKHLTCARE,EQ,790.05,793,784.2,788.3,792.7,792,594,468883.45,31-MAR-2017,48,INE910C01018
TTKPRESTIG,EQ,5850,5900,5771.1,5884.4,5831,5850.9,13163,76588522.6,31-MAR-2017,2624,INE690A01010
TTL,EQ,57.25,57.25,55.05,56.2,56.3,56.5,7441,418375.75,31-MAR-2017,91,INE592B01016
TTML,EQ,7.35,7.4,7.15,7.15,7.25,7.3,1547349,11171993.95,31-MAR-2017,1272,INE517B01013
TUBEINVEST,EQ,610.4,634.9,609.6,627.65,634.9,610.4,68792,42829590.65,31-MAR-2017,3626,INE149A01025
TULSI,EQ,3.75,3.9,3.7,3.75,3.75,3.85,11080,41841.05,31-MAR-2017,43,INE474I01012
TV18BRDCST,EQ,42,42.65,41.9,42,41.95,42.05,6405257,270282065.35,31-MAR-2017,4846,INE886H01027
TVSELECT,EQ,173.4,175.9,170.25,171.75,171.05,172.8,81828,14174372.7,31-MAR-2017,1720,INE236G01019
TVSMOTOR,EQ,435,436.8,429.95,430.8,430.65,435.9,907573,392375253.9,31-MAR-2017,13507,INE494B01023
TVSSRICHAK,EQ,3525,3631,3464.85,3495.95,3485,3583.4,18912,66903128.15,31-MAR-2017,3435,INE421C01016
TVTODAY,EQ,260.1,263.7,256.65,257.9,259.25,260.45,83117,21664487.9,31-MAR-2017,1323,INE038F01029
TVVISION,EQ,249,255,246.35,253.55,249,250.4,42144,10576466.8,31-MAR-2017,152,INE871L01013
TWL,EQ,116.95,118.4,114.2,116.25,116.85,116.4,526238,61538453.2,31-MAR-2017,4207,INE615H01020
UBHOLDINGS,EQ,30.9,31.2,30,30.4,30.4,30.9,100301,3076889.95,31-MAR-2017,740,INE696A01025
UBL,EQ,777.1,782,767.7,770.8,767.75,779.15,83197,64405914.4,31-MAR-2017,8828,INE686F01025
UCALFUEL,EQ,228,228,215.8,217.15,217,228,366192,80803559.3,31-MAR-2017,6951,INE139B01016
UCOBANK,EQ,36.4,36.9,36,36.15,36.15,36.1,1180103,42984482,31-MAR-2017,3405,INE691A01018
UFLEX,EQ,276.75,280.9,273.3,278.05,278.5,275.1,194738,53905217.85,31-MAR-2017,9442,INE516A01017
UFO,EQ,433,442,426.2,427.65,428,433,55587,24035091.8,31-MAR-2017,1525,INE527H01019
UGARSUGAR,EQ,32.45,33.1,32.1,32.35,32.45,31.95,250441,8155399.9,31-MAR-2017,1281,INE071E01023
UJAAS,EQ,34.4,34.55,33.4,33.75,34,34.4,1261932,42660559.2,31-MAR-2017,4198,INE899L01022
UJJIVAN,EQ,432.35,444.7,422,423.35,423.6,430.15,2126837,920392232.05,31-MAR-2017,24950,INE334L01012
ULTRACEMCO,EQ,4000,4055,3957.25,3984.75,3968.45,3988.45,290105,1157198183.15,31-MAR-2017,24169,INE481G01011
UMANGDAIRY,EQ,75.5,78.4,75.5,77.9,77.8,76.6,28141,2186573.1,31-MAR-2017,301,INE864B01027
UNICHEMLAB,EQ,285.1,291.5,281,287.05,287.7,285.35,145900,41918413.65,31-MAR-2017,2354,INE351A01035
UNIENTER,EQ,69.1,71.9,68,71.45,71.9,69.9,13477,951363.4,31-MAR-2017,83,INE037A01022
UNIONBANK,EQ,155.35,158.5,154.3,155.9,156.1,155.1,4162952,650380458.8,31-MAR-2017,26572,INE692A01016
UNIPLY,BE,310.85,315,296,304.95,309.5,310.85,30805,9620513.45,31-MAR-2017,169,INE950G01015
UNITECH,EQ,5.7,5.75,5.55,5.6,5.6,5.65,10576457,59879576.05,31-MAR-2017,6157,INE694A01020
UNITEDBNK,EQ,24.55,24.55,22.7,23,23.05,25.15,4010617,93762263.05,31-MAR-2017,7144,INE695A01019
UNITEDTEA,EQ,362.4,368.75,362.4,363,363,362.3,4,1462.85,31-MAR-2017,4,INE458F01011
UNITY,EQ,8,8,7.55,7.65,7.6,7.8,112442,870235.2,31-MAR-2017,270,INE466H01028
UNIVCABLES,EQ,99,102.7,98.35,100.95,100.4,96.45,165593,16742464.5,31-MAR-2017,1618,INE279A01012
UPL,EQ,718.8,733.7,717.55,726.9,728.5,714.5,1229746,894318192.7,31-MAR-2017,49019,INE628A01036
URJA,EQ,1.45,1.45,1.4,1.45,1.45,1.4,607052,878391.8,31-MAR-2017,142,INE550C01020
USHAMART,EQ,17.25,17.75,17.25,17.45,17.45,17.2,253562,4444215.75,31-MAR-2017,625,INE228A01035
USHERAGRO,BE,10,10.25,9.8,9.8,10,10,30310,301035.55,31-MAR-2017,92,INE235G01011
UTINIFTETF,EQ,930.2,937,930.2,933,933,935,272,253299.7,31-MAR-2017,4,INF789FB1X41
UTISENSETF,EQ,302,304.2,302,304.15,304.15,300.65,16,4845.15,31-MAR-2017,3,INF789FB1X58
UTTAMSTL,EQ,30.9,31.75,30.1,30.95,30.85,30.85,222445,6917337.45,31-MAR-2017,1169,INE699A01011
UTTAMSUGAR,EQ,101.05,102.9,100.55,102.15,102,101.15,90904,9302847.35,31-MAR-2017,955,INE786F01031
UVSL,BE,0.7,0.75,0.65,0.7,0.75,0.7,2753617,1912764.2,31-MAR-2017,199,INE292A01023
V2RETAIL,EQ,188.85,192.9,186.4,190.5,191,189,64778,12309935.65,31-MAR-2017,1456,INE945H01013
VADILALIND,EQ,961.35,987,961.35,972.7,972,960.25,274574,267732699.6,31-MAR-2017,8783,INE694D01016
VAIBHAVGBL,BE,390,390,385,385.5,385,390,9390,3657409.8,31-MAR-2017,61,INE884A01019
VAKRANGEE,EQ,334.3,334.3,328.1,328.95,329,330.7,387644,127883699.8,31-MAR-2017,6849,INE051B01021
VALUEIND,EQ,12.25,12.25,12,12,12,11.9,7900,95126.3,31-MAR-2017,23,INE352A01017
VARDHACRLC,EQ,54.7,55.5,52.7,53.95,53.75,54.85,42219,2283847.6,31-MAR-2017,157,INE116G01013
VARDMNPOLY,EQ,68.7,69.75,67.8,68.35,67.9,68.6,70671,4842073.9,31-MAR-2017,596,INE835A01011
VASCONEQ,EQ,37.5,38.55,37.45,37.8,37.8,37.35,1407371,53332610.9,31-MAR-2017,1958,INE893I01013
VASWANI,EQ,9.8,9.8,9.2,9.25,9.5,9.65,15673,146814.4,31-MAR-2017,43,INE590L01019
VBL,EQ,382.1,420,379.5,404.95,407,384,650444,253617251.55,31-MAR-2017,5331,INE200M01013
VEDL,EQ,274.95,278.1,273.55,274.95,275.7,274.5,8135975,2244099958.6,31-MAR-2017,75199,INE205A01025
VENKEYS,EQ,1012,1027.95,1002.1,1017.1,1024,1015.3,108867,110326753,31-MAR-2017,5140,INE398A01010
VENUSREM,EQ,97.9,98.2,97,97.65,97.55,97.6,46721,4554080.85,31-MAR-2017,1257,INE411B01019
VESUVIUS,EQ,1240,1244.8,1210,1238.7,1238,1231.75,1408,1731695.2,31-MAR-2017,269,INE386A01015
VETO,EQ,150.05,154.9,149.3,150.6,151,150.35,47930,7285724.8,31-MAR-2017,767,INE918N01018
VGUARD,EQ,175.5,176,172.8,173.4,173,174.85,475527,82927905.2,31-MAR-2017,5664,INE951I01027
VHL,EQ,2843.7,2895.05,2843.7,2859.3,2870,2824.55,205,585535.35,31-MAR-2017,60,INE701A01023
VICEROY,EQ,20.7,20.95,20.25,20.55,20.7,20.4,146723,3017880.55,31-MAR-2017,355,INE048C01017
VIDEOIND,EQ,103.5,104.3,103,103.55,103.05,103.55,156591,16230369.55,31-MAR-2017,361,INE703A01011
VIDHIING,EQ,59,59.8,56.6,57,57,58.15,54619,3157152.95,31-MAR-2017,465,INE632C01026
VIJAYABANK,EQ,65.3,69.6,65.3,68.75,68.5,65.45,2320797,158064448.7,31-MAR-2017,17061,INE705A01016
VIJIFIN,EQ,6.75,6.85,6.35,6.55,6.8,6.55,117554,774355.3,31-MAR-2017,119,INE159N01027
VIJSHAN,EQ,11.65,12,11.5,11.95,12,11.8,9076,107720.55,31-MAR-2017,34,INE806F01011
VIKASECO,EQ,22.5,22.5,20.65,20.85,20.95,22.25,8818803,186723209.45,31-MAR-2017,7771,INE806A01020
VIMALOIL,EQ,42.9,44.7,42.45,42.55,42.5,43.4,3498,149014.95,31-MAR-2017,27,INE067D01015
VIMTALABS,EQ,111.4,112.95,110.2,110.5,110.7,110.4,75395,8416392.15,31-MAR-2017,880,INE579C01029
VINATIORGA,EQ,744.95,761,741.05,758,760,742.3,17255,13004134.2,31-MAR-2017,2770,INE410B01029
VINDHYATEL,EQ,638.05,663.95,638.05,654.85,657.2,648.05,31024,20445422.75,31-MAR-2017,692,INE707A01012
VINYLINDIA,EQ,70.35,71.65,68.1,70.6,70.9,69.85,47965,3386093.8,31-MAR-2017,641,INE250B01029
VIPCLOTHNG,EQ,50.85,51.9,50.2,50.75,51,50.95,77981,3958581.35,31-MAR-2017,602,INE450G01024
VIPIND,EQ,196.4,204.4,195.05,197.9,197,194.1,1362902,271555807.25,31-MAR-2017,15707,INE054A01027
VIPULLTD,EQ,66,66,61.55,62,62.45,65.05,101247,6386050.45,31-MAR-2017,828,INE946H01037
VISAKAIND,EQ,260.1,275,260,270.8,269.85,257.7,158674,42747429.9,31-MAR-2017,2733,INE392A01013
VISASTEEL,EQ,21.25,21.7,21.05,21.2,21.15,21.2,59737,1277371.75,31-MAR-2017,241,INE286H01012
VISESHINFO,BE,0.2,0.2,0.15,0.2,0.2,0.15,439080,83826.2,31-MAR-2017,68,INE861A01058
VISHNU,EQ,273.95,295.7,267.05,288.2,293,268.1,104197,29422997.75,31-MAR-2017,1997,INE270I01014
VIVIDHA,EQ,2.05,2.05,1.95,1.95,1.95,2,289736,573191.6,31-MAR-2017,137,INE370E01029
VIVIMEDLAB,EQ,104.5,110.25,103.55,107.5,107.5,103.6,2073796,223431074,31-MAR-2017,12399,INE526G01021
VKSPL,BE,0.05,0.1,0.05,0.1,0.1,0.05,315882,29324.15,31-MAR-2017,36,INE213M01024
VLSFINANCE,EQ,63.35,63.35,61.6,61.9,61.9,62.45,49960,3109621.75,31-MAR-2017,470,INE709A01018
VMART,EQ,825,835,814.6,824.6,820.1,825.7,136854,112836249.95,31-MAR-2017,3176,INE665J01013
VOLTAMP,EQ,1050,1058.9,1040,1051.05,1045.5,1043.4,17006,17854082.95,31-MAR-2017,1168,INE540H01012
VOLTAS,EQ,414.4,416.2,410,412.1,412.5,413.35,1929752,797438220.5,31-MAR-2017,30007,INE226A01021
VRLLOG,EQ,311.3,315,310.5,312.25,313,311.3,234150,73300497.6,31-MAR-2017,8298,INE366I01010
VSSL,EQ,142.8,149.5,137.5,146.15,145.35,138.45,217483,31385986.35,31-MAR-2017,2913,INE050M01012
VSTIND,EQ,2833,2896,2833,2868.5,2850,2830.6,1066,3053024.25,31-MAR-2017,288,INE710A01016
VSTTILLERS,EQ,1801.55,1801.55,1792.75,1795.55,1792.75,1798.05,3827,6881679.15,31-MAR-2017,190,INE764D01017
VTL,EQ,1311.6,1323.95,1303,1312.65,1305.05,1311.6,39085,51558995.35,31-MAR-2017,2075,INE825A01012
WABAG,EQ,684.95,687,671.5,681.35,683.25,679,257015,174945339.65,31-MAR-2017,5089,INE956G01038
WABCOINDIA,EQ,5980,6000.05,5730.65,5826.1,5799,5991.55,15218,89419622.8,31-MAR-2017,4931,INE342J01019
WALCHANNAG,EQ,142.35,143.75,141.7,142.3,142.4,141.7,73799,10532075.95,31-MAR-2017,1342,INE711A01022
WANBURY,BE,57.8,59,55,57.9,57.2,56.3,11091,641547.05,31-MAR-2017,67,INE107F01022
WEBELSOLAR,EQ,55,56.45,53.4,53.9,53.45,53.55,202217,11005445.75,31-MAR-2017,1662,INE855C01015
WEIZFOREX,EQ,340,347,335,346.5,346,338,12012,4154657.45,31-MAR-2017,70,INE726L01019
WEIZMANIND,EQ,41.5,41.5,39,40.1,40.1,40.15,311510,12340377.75,31-MAR-2017,89,INE080A01014
WELCORP,EQ,82.65,83.7,82.1,82.6,82.5,82.6,970995,80595905.2,31-MAR-2017,1436,INE191B01025
WELENT,EQ,82.85,84.65,81.3,83.5,83.45,82.3,743028,61663870.95,31-MAR-2017,3065,INE625G01013
WELINV,EQ,83.05,83.4,82,83,83,83.5,1639,135244.8,31-MAR-2017,14,INE389K01018
WELSPUNIND,EQ,89.4,89.4,86.8,87.75,87.15,88.9,596125,52248466.05,31-MAR-2017,3460,INE192B01031
WENDT,EQ,1880,1910,1880,1896.25,1880,1880.25,368,699066.35,31-MAR-2017,47,INE274C01019
WHEELS,EQ,1298.6,1319.95,1298.6,1305.7,1305.8,1298.6,529,691853.95,31-MAR-2017,97,INE715A01015
WHIRLPOOL,EQ,1238,1251.9,1212.15,1221.7,1221,1232.8,55520,68586232.5,31-MAR-2017,4689,INE716A01013
WILLAMAGOR,EQ,64.75,64.8,63.25,64.15,64,63.75,4143,265392.05,31-MAR-2017,54,INE210A01017
WINDMACHIN,EQ,62,65.9,62,64.6,64.1,62.7,42876,2779585.15,31-MAR-2017,404,INE052A01021
WINSOME,EQ,1.85,1.85,1.85,1.85,1.85,1.9,136850,253172.5,31-MAR-2017,9,INE784B01035
WIPRO,EQ,512.2,517.65,509.8,515.7,515.2,515.95,1511559,777415598.75,31-MAR-2017,22844,INE075A01022
WOCKPHARMA,EQ,729,731.4,717,719.25,718,726.5,511652,369983376.85,31-MAR-2017,10419,INE049B01025
WONDERLA,EQ,384.9,389.95,378.95,387.05,386,382.7,26762,10322852.65,31-MAR-2017,1684,INE066O01014
WSI,EQ,7.9,7.95,7.55,7.75,7.75,8.05,8059,62305.3,31-MAR-2017,16,INE100D01014
WSTCSTPAPR,EQ,176.4,178.9,173.1,175.3,174.75,176.2,193700,33997667.95,31-MAR-2017,2094,INE976A01021
XCHANGING,EQ,48.6,48.7,47.15,47.55,47.15,48.25,34530,1652827.75,31-MAR-2017,209,INE692G01013
XLENERGY,EQ,2.4,2.4,2.4,2.4,2.4,2.4,520,1248,31-MAR-2017,5,INE183H01011
XPROINDIA,EQ,50,50.5,48.5,49.85,50.5,50.3,19702,977614.5,31-MAR-2017,194,INE445C01015
YESBANK,EQ,1554,1555,1534,1546.75,1545.8,1552.15,1633231,2518095613.15,31-MAR-2017,63450,INE528G01019
ZANDUREALT,EQ,1253,1299,1243,1291,1294.9,1242.85,6796,8683190,31-MAR-2017,997,INE719A01017
ZEEL,EQ,532,541,530.6,535.55,535.5,532.4,1616918,867802842.95,31-MAR-2017,44479,INE256A01028
ZEEL,P2,9.5,9.5,9.3,9.45,9.45,9.55,63078,595510.95,31-MAR-2017,36,INE256A04022
ZEELEARN,EQ,48,48.95,48,48.2,48.2,48.1,430812,20868238.35,31-MAR-2017,2528,INE565L01011
ZEEMEDIA,EQ,35.95,35.95,35.05,35.3,35.25,35.65,545732,19422507.1,31-MAR-2017,1307,INE966H01019
ZENITHBIR,EQ,0.6,0.6,0.55,0.55,0.55,0.6,37263,21846,31-MAR-2017,26,INE318D01020
ZENSARTECH,EQ,934.85,935,910.2,925.05,925.5,922.3,17949,16573540.8,31-MAR-2017,1596,INE520A01019
ZENTEC,EQ,68.5,69,66.35,66.55,66.6,68.3,219347,14731209.2,31-MAR-2017,1338,INE251B01027
ZICOM,EQ,40,40.05,39.3,39.45,39.35,39.85,57266,2269115.05,31-MAR-2017,274,INE871B01014
ZODIACLOTH,EQ,179.35,183.2,179.3,180.3,180,179.65,1625,296583.45,31-MAR-2017,27,INE206B01013
ZODJRDMKJ,EQ,34.5,34.7,34.5,34.7,34.7,34.75,60,2076,31-MAR-2017,2,INE077B01018
ZUARI,EQ,352.95,372.5,352.95,363.65,363,349.55,372739,136208645.5,31-MAR-2017,6796,INE840M01016
ZUARIGLOB,EQ,121.35,132.3,121.35,127.3,126.15,121.4,125855,16128812.5,31-MAR-2017,1573,INE217A01012
ZYDUSWELL,EQ,893.95,894,870,871.35,873,889.9,1133,994260.45,31-MAR-2017,211,INE768C01010
ZYLOG,EQ,4.4,4.65,4.3,4.4,4.4,4.45,44815,197096.75,31-MAR-2017,106,INE225I01026
