SYMBOL,SERIES,OPEN,HIGH,LOW,CLOSE,LAST,PREVCLOSE,TOTTRDQTY,TOTTRDVAL,TIMESTAMP,TOTALTRADES,ISIN
20MICRONS,EQ,38.75,39.5,38.05,38.3,38.3,39.25,82845,3181785.65,26-MAY-2017,422,INE144J01027
3IINFOTECH,EQ,4.6,4.9,4.55,4.75,4.8,4.55,1914986,9064411.5,26-MAY-2017,1050,INE748C01020
3MINDIA,EQ,13199.95,14300,13150.2,14034.25,13982.3,13020.05,16798,235757878,26-MAY-2017,5822,INE470A01017
63MOONS,EQ,69.5,71.8,68.6,69.85,70,68.8,40919,2858240.55,26-MAY-2017,929,INE111B01023
8KMILES,EQ,558.5,566,557.05,561.7,562.65,557.25,79005,44506539.95,26-MAY-2017,1336,INE650K01021
A2ZINFRA,EQ,42.2,43.2,41.3,42.55,42.4,42.05,542564,23078504.7,26-MAY-2017,3492,INE619I01012
AARTIDRUGS,EQ,473,518,473,501.5,498,482.4,34491,17135498.55,26-MAY-2017,2004,INE767A01016
AARTIIND,EQ,810.6,847.05,810,832.35,825.3,820.75,70556,58881678,26-MAY-2017,9865,INE769A01020
AARVEEDEN,EQ,64.5,66,61.5,62.4,62.1,63.4,16579,1057742.15,26-MAY-2017,287,INE273D01019
ABAN,EQ,194,198.8,192.5,196.85,197.8,194.4,658030,129201489.55,26-MAY-2017,8744,INE421A01028
ABB,EQ,1488,1509,1472,1483.45,1483.8,1478.7,96892,144895251.35,26-MAY-2017,2635,INE117A01022
ABBOTINDIA,EQ,4120,4130.95,4075,4114.25,4090.15,4102,4104,16887751,26-MAY-2017,1163,INE358A01014
ABFRL,EQ,165.7,173.5,164.1,171.35,173.5,166.3,487163,81873674.7,26-MAY-2017,6244,INE647O01011
ABGSHIP,BZ,17,17,15.55,15.55,15.55,16.35,38897,605335.35,26-MAY-2017,140,INE067H01016
ABIRLANUVO,EQ,1611.7,1632.05,1602.1,1624.7,1628.95,1607.75,147093,238185325.75,26-MAY-2017,5780,INE069A01017
ABMINTLTD,BE,110.85,110.85,110.85,110.85,110.85,116.65,20,2217,26-MAY-2017,3,INE251C01017
ACC,EQ,1615,1638.9,1605.25,1632.35,1638.9,1619.7,192687,313572691.4,26-MAY-2017,9421,INE012A01025
ACCELYA,EQ,1317,1411,1317,1349.1,1351,1324.65,4912,6613759.3,26-MAY-2017,668,INE793A01012
ACE,EQ,61.85,64.2,61.25,63.35,63.15,61.5,200022,12554359.05,26-MAY-2017,1600,INE731H01025
ADANIENT,EQ,117,117.8,115,115.95,116,116.25,4170952,485094498.45,26-MAY-2017,18053,INE423A01024
ADANIPORTS,EQ,342.4,351,339,348,348,340.75,2754435,957311566.85,26-MAY-2017,28126,INE742F01042
ADANIPOWER,EQ,28.55,29.65,28.3,28.9,28.8,28.65,11266349,326562961.2,26-MAY-2017,16300,INE814H01011
ADANITRANS,EQ,109.9,115.1,109.15,115.1,115.1,109.65,1438393,163270555.75,26-MAY-2017,7895,INE931S01010
ADFFOODS,EQ,275,288.85,271.1,280.65,278.9,273.9,185269,52352773.65,26-MAY-2017,4026,INE982B01019
ADHUNIK,EQ,6.4,6.4,5.8,5.9,5.9,5.95,100402,598594.45,26-MAY-2017,1237,INE400H01019
ADHUNIKIND,EQ,104.75,106.45,104,105.85,104,104.45,38293,4031684.05,26-MAY-2017,237,INE452L01012
ADLABS,EQ,75.5,80,75.5,77.65,77.5,75.95,382955,29837183.95,26-MAY-2017,2616,INE172N01012
ADORWELD,EQ,315.55,324.95,315.5,323.45,324.9,314.6,3636,1161132.35,26-MAY-2017,155,INE045A01017
ADSL,BE,28.8,28.85,26.5,27.8,27.1,27.75,28383,775048.4,26-MAY-2017,200,INE102I01027
ADVANIHOTR,EQ,55.8,55.8,53.55,54.35,54.2,53.1,8464,463158.85,26-MAY-2017,64,INE199C01026
ADVENZYMES,EQ,405.7,417.95,402,407.1,408,402.25,284268,116728388.3,26-MAY-2017,8253,INE837H01020
AEGISCHEM,EQ,191.65,201.1,190.9,197.35,196.05,193.4,364806,71666418.55,26-MAY-2017,4970,INE208C01025
AFL,BE,57,58.3,55,57.1,58.3,57,1926,109913.8,26-MAY-2017,25,INE020G01017
AGARIND,BE,740,745,710,714,729,746.65,1792,1301513.4,26-MAY-2017,51,INE204E01012
AGCNET,EQ,127.95,128.45,120.3,123.45,124.8,124.6,26928,3310799.05,26-MAY-2017,921,INE676A01019
AGRITECH,EQ,39,42.8,38.8,42.8,42.8,40.8,28166,1133517.05,26-MAY-2017,99,INE449G01018
AGROPHOS,SM,21.4,21.4,21.4,21.4,21.4,22.8,6000,128400,26-MAY-2017,1,INE740V01019
AHLEAST,EQ,275,305,269.8,295.7,296,277.1,15085,4450831.1,26-MAY-2017,159,INE926K01017
AHLUCONT,EQ,384,392,366.4,385,377,375.05,8744,3350673.55,26-MAY-2017,409,INE758C01029
AHLWEST,EQ,207.45,207.45,194.3,197.75,196.25,204,1642,324012.9,26-MAY-2017,78,INE915K01010
AIAENG,EQ,1350,1394.9,1334.2,1385.7,1391,1346.5,66075,89830898.05,26-MAY-2017,8532,INE212H01026
AIFL,EQ,403,405.95,393.3,397.6,395,404.4,91823,36670184.55,26-MAY-2017,892,INE428O01016
AIRAN,SM,111.75,111.8,110,111.8,111.8,106.5,51000,5680200,26-MAY-2017,17,INE645W01018
AJANTPHARM,EQ,1615,1625.4,1569.15,1602.15,1597,1616.15,132760,212007453.8,26-MAY-2017,8474,INE031B01049
AJMERA,EQ,231.7,245.4,229.3,240.1,239.2,231.25,107360,25756720.4,26-MAY-2017,2346,INE298G01027
AKSHARCHEM,EQ,884,919,880,907.5,907,872.75,21871,19838185.15,26-MAY-2017,1136,INE542B01011
AKSHOPTFBR,EQ,18.8,19.3,18.7,19.1,19.1,18.7,858232,16375899.8,26-MAY-2017,2283,INE523B01011
AKZOINDIA,EQ,1814.4,1847,1800.15,1805,1806,1809.95,5965,10851841.75,26-MAY-2017,837,INE133A01011
ALANKIT,EQ,23.35,23.9,22.1,23.5,23.65,23.35,10447773,246154827.3,26-MAY-2017,3570,INE914E01040
ALBERTDAVD,EQ,308.95,308.95,290.1,292.85,291,298.65,2816,831739.2,26-MAY-2017,169,INE155C01010
ALBK,EQ,74.85,75.4,72.6,73.45,73.35,74.3,5953589,439637428,26-MAY-2017,19338,INE428A01015
ALCHEM,EQ,17.5,17.9,17.2,17.45,17.25,17.55,12648,223832.35,26-MAY-2017,88,INE964B01033
ALEMBICLTD,EQ,42.05,43.2,41.75,42.5,42.75,42.35,336496,14275577.6,26-MAY-2017,1993,INE426A01027
ALICON,EQ,478,507.8,474.95,492.75,494,479.5,5219,2577838.15,26-MAY-2017,472,INE062D01024
ALKALI,EQ,66.9,70.85,65.3,69.65,69.1,64.3,42542,2913666.95,26-MAY-2017,582,INE773I01017
ALKEM,EQ,1816.25,1931,1816.25,1872.4,1909,1836.95,57131,106218095.05,26-MAY-2017,4078,INE540L01014
ALKYLAMINE,EQ,394.95,406.35,394.95,400.45,400.1,392.65,15321,6130845.95,26-MAY-2017,348,INE150B01021
ALLCARGO,EQ,178.95,181,176.1,178.15,178.95,177.3,104424,18643452.75,26-MAY-2017,2132,INE418H01029
ALLSEC,EQ,314,321.85,309.35,319.55,320,316.7,39878,12627764.35,26-MAY-2017,1090,INE835G01018
ALMONDZ,EQ,18.8,19.3,17.55,18.2,18.5,17.05,10409,189854.8,26-MAY-2017,106,INE326B01027
ALOKTEXT,EQ,3.1,3.15,3.05,3.15,3.15,3.1,1912605,5956511.1,26-MAY-2017,605,INE270A01011
ALPA,BE,37.15,37.15,34.3,36.5,37,35.7,13814,501919.4,26-MAY-2017,81,INE385I01010
ALPHAGEO,EQ,935,968,935,953.5,954.95,928.85,16163,15370949.75,26-MAY-2017,1186,INE137C01018
ALPSINDUS,EQ,6.8,7,6.65,6.7,6.85,6.65,43529,293217.05,26-MAY-2017,60,INE093B01015
AMARAJABAT,EQ,839.8,877.5,838.2,865.85,863.55,837.45,624926,539830867.4,26-MAY-2017,23249,INE885A01032
AMBIKCO,EQ,1299.75,1320,1275.55,1302.55,1300,1263.35,4000,5217623.25,26-MAY-2017,484,INE540G01014
AMBUJACEM,EQ,240,243,238.2,240.4,240.1,240.05,2050152,492254217.8,26-MAY-2017,11675,INE079A01024
AMDIND,EQ,28,29.25,28,28.5,28.3,28.05,7423,211208.05,26-MAY-2017,63,INE005I01014
AMRUTANJAN,EQ,710.8,710.8,692.55,695.5,696.95,694.85,4831,3373077.75,26-MAY-2017,519,INE098F01023
AMTEKAUTO,EQ,34.95,37.4,34.4,36.1,35.9,34.4,3363830,120888003.9,26-MAY-2017,8459,INE130C01021
ANANTRAJ,EQ,62.95,65.9,62,65.55,65.7,62.45,1607882,103924332,26-MAY-2017,6831,INE242C01024
ANDHRABANK,EQ,61,61.75,59.75,60.15,60.45,60.95,5571452,337695282.4,26-MAY-2017,13727,INE434A01013
ANDHRACEMT,BE,9.45,9.5,9.3,9.3,9.35,9.05,227673,2151149.95,26-MAY-2017,226,INE666E01012
ANDHRSUGAR,EQ,285,297.5,285,290.45,291.3,283.3,137756,40102563.15,26-MAY-2017,1386,INE715B01013
ANGIND,EQ,8.95,9.2,8.95,9.2,9.2,8.8,9176,83208.5,26-MAY-2017,40,INE017D01010
ANIKINDS,BE,29.8,29.8,28.45,29.3,29,29.9,2137,62855.85,26-MAY-2017,21,INE087B01017
ANKITMETAL,EQ,1.75,1.75,1.65,1.7,1.7,1.75,6705,11243.75,26-MAY-2017,16,INE106I01010
ANSALAPI,EQ,23.95,25.05,23.4,25.05,25.05,23.9,293974,7286791.9,26-MAY-2017,390,INE436A01026
ANSALHSG,EQ,28.5,30.8,28.3,29.05,29.2,28.3,142974,4216854.35,26-MAY-2017,898,INE880B01015
ANTGRAPHIC,BE,1.45,1.5,1.4,1.5,1.5,1.45,123801,181806.75,26-MAY-2017,88,INE414B01021
APARINDS,EQ,839.65,839.95,825.95,832.25,835,833.9,16214,13522558.7,26-MAY-2017,544,INE372A01015
APCL,EQ,237,243.95,233.1,238.3,237.45,234.65,4421,1056578.5,26-MAY-2017,156,INE071F01012
APCOTEXIND,EQ,380.5,384.85,374.05,376.45,374.5,383.65,14303,5425615.1,26-MAY-2017,607,INE116A01024
APLAPOLLO,EQ,1436.9,1436.9,1388,1408.75,1413,1430.8,5476,7690600.75,26-MAY-2017,1201,INE702C01019
APLLTD,EQ,570,570.95,553,558.15,555.1,570.4,28402,15902122.5,26-MAY-2017,1890,INE901L01018
APOLLOHOSP,EQ,1215,1232.95,1196.3,1217.35,1229,1205.25,272742,329812201.8,26-MAY-2017,19310,INE437A01024
APOLLOTYRE,EQ,227.45,236,223.8,232.1,232.45,226.9,2473018,573376469.55,26-MAY-2017,26252,INE438A01022
APTECHT,EQ,195.95,200.8,192.85,194.2,193.7,196.05,296889,58303500.15,26-MAY-2017,3768,INE266F01018
ARCHIDPLY,EQ,79.3,81.5,78.75,79.7,79.5,78.65,51040,4099784.7,26-MAY-2017,551,INE877I01016
ARCHIES,EQ,28.9,29,28.25,28.7,28.6,29.05,99555,2855330.35,26-MAY-2017,532,INE731A01020
ARCOTECH,EQ,344,353.95,339.55,349.65,349.85,340.5,96433,33609836.05,26-MAY-2017,1560,INE574I01027
ARIES,EQ,149.05,163.6,149.05,157.95,158.05,150.25,53199,8465021,26-MAY-2017,1109,INE298I01015
ARIHANT,BE,58,58,54.25,57,57,56.3,153,8716.5,26-MAY-2017,4,INE413D01011
ARIHANTSUP,EQ,167.15,175,167.15,173.65,175,166.4,790387,134108519.35,26-MAY-2017,4593,INE643K01018
ARMANFIN,EQ,181,199,181,189.75,190,181.5,20748,3949520.9,26-MAY-2017,487,INE109C01017
AROGRANITE,EQ,71.65,72.35,70.55,71,71.25,70.45,27875,1996064.05,26-MAY-2017,297,INE210C01013
ARROWGREEN,EQ,476.9,495,471.55,490.45,481.5,471.5,32320,15821313.05,26-MAY-2017,481,INE570D01018
ARROWTEX,EQ,47.9,47.95,45.45,47,47.4,46.6,15277,716844.3,26-MAY-2017,148,INE933J01015
ARSHIYA,BE,61,65.35,61,65.35,65.35,62.25,50152,3244767.9,26-MAY-2017,277,INE968D01022
ARSSINFRA,EQ,65.15,68.55,65.15,66.2,65.95,66.35,152275,10221284.45,26-MAY-2017,2784,INE267I01010
ARVIND,EQ,371.4,381.9,371.3,379,380.25,371.15,1345991,508368005.05,26-MAY-2017,44011,INE034A01011
ARVSMART,EQ,119,122.8,118.55,119.9,120.45,117.7,70499,8529774.95,26-MAY-2017,865,INE034S01021
ASAHIINDIA,EQ,243.85,244,240.1,241.9,240.1,243.15,16866,4092426.8,26-MAY-2017,514,INE439A01020
ASAHISONG,EQ,299.95,315.8,297.5,300.8,299.3,293.85,46594,14259591.65,26-MAY-2017,1029,INE228I01012
ASAL,EQ,64.5,66.95,62.55,66,65.75,64.8,5415,356230.15,26-MAY-2017,33,INE900C01027
ASHAPURMIN,EQ,61.5,63.9,61.5,62.55,62.6,61.5,100425,6333199.7,26-MAY-2017,630,INE348A01023
ASHIANA,EQ,217.8,221.85,212.55,214,213,215.75,26598,5733992.2,26-MAY-2017,762,INE365D01021
ASHIMASYN,EQ,19.6,20.75,19.5,20,19.9,19.4,438478,8847732.6,26-MAY-2017,1912,INE440A01010
ASHOKA,EQ,199.95,203.9,198.7,199.9,199.9,199.55,137024,27437143,26-MAY-2017,2379,INE442H01029
ASHOKLEY,EQ,87.85,93.15,87.75,91.55,91.3,86.15,40073258,3632374437.35,26-MAY-2017,126775,INE208A01029
ASIANHOTNR,EQ,135.25,144.1,135,144,144,138.6,6470,887957.5,26-MAY-2017,114,INE363A01022
ASIANPAINT,EQ,1124.95,1148.8,1124,1132.45,1131.1,1113.2,915210,1039852090.05,26-MAY-2017,26431,INE021A01026
ASIANTILES,EQ,349.7,358.95,342.1,354.7,355.85,343.85,36730,12947857.85,26-MAY-2017,559,INE022I01019
ASPINWALL,BE,220,232,220,230.7,232,221,11240,2561234.85,26-MAY-2017,66,INE991I01015
ASSAMCO,EQ,6.25,6.45,6.25,6.4,6.45,6.25,150226,956818.6,26-MAY-2017,178,INE442A01024
ASTEC,EQ,563.3,599,556.3,590,589.25,558.05,133062,76964792.1,26-MAY-2017,7266,INE563J01010
ASTRAL,EQ,577,599,567.05,586.95,585,572.45,46180,26960881.5,26-MAY-2017,1867,INE006I01046
ASTRAMICRO,EQ,132.2,136.6,131.9,135.8,136.5,133.1,340638,45918745.25,26-MAY-2017,6467,INE386C01029
ASTRAZEN,EQ,944.95,946.85,931.5,934.1,935,939.95,3882,3642653.3,26-MAY-2017,456,INE203A01020
ATFL,EQ,496,504.95,496,503.25,504.4,500.1,1455,731052,26-MAY-2017,100,INE209A01019
ATLANTA,EQ,114.9,115,112.9,113.8,113.95,113.35,284670,32426550,26-MAY-2017,4236,INE285H01022
ATLASCYCLE,BE,319.5,319.5,319.5,319.5,319.5,336.3,2146,685647,26-MAY-2017,96,INE446A01017
ATUL,EQ,2510.95,2562.35,2502.45,2542.95,2538,2503.45,17959,45367761.65,26-MAY-2017,1783,INE100A01010
ATULAUTO,EQ,415.1,420,415,418.95,418.05,413.3,10103,4233575.8,26-MAY-2017,657,INE951D01028
AURDIS,SM,55.5,55.5,52.45,52.45,52.45,55.2,8000,428900,26-MAY-2017,4,INE448V01019
AURIONPRO,EQ,118.15,121.4,116,120.25,121,117.6,30351,3621399.6,26-MAY-2017,342,INE132H01018
AUROPHARMA,EQ,526.1,542.55,525,532.5,533.85,525.55,3627714,1934138359.8,26-MAY-2017,52135,INE406A01037
AUSOMENT,EQ,21.2,24.5,21.2,24.05,24.2,23.55,2091,45191.2,26-MAY-2017,37,INE218C01016
AUSTRAL,BE,0.25,0.25,0.25,0.25,0.25,0.25,12301,3075.25,26-MAY-2017,7,INE455J01027
AUTOAXLES,EQ,717.5,729.5,717,721.45,720,716.25,8892,6433600.95,26-MAY-2017,531,INE449A01011
AUTOIND,EQ,54,55.8,53.5,53.85,53.75,54,25460,1382875.7,26-MAY-2017,313,INE718H01014
AUTOLITIND,EQ,58.25,60.4,58.2,59.25,58.8,58.5,3790,223518.1,26-MAY-2017,72,INE448A01013
AVANTIFEED,EQ,1374.95,1433,1353.3,1422,1421.5,1374.45,221285,313131311.2,26-MAY-2017,16368,INE871C01020
AVTNPL,EQ,43.95,45.45,43.95,44.8,44.9,43.55,78172,3505788.2,26-MAY-2017,541,INE488D01021
AXISBANK,EQ,508,513,505,511.45,510.5,507.45,5995136,3050682634.7,26-MAY-2017,72779,INE238A01034
AXISCADES,EQ,140.6,147.1,138.5,146.25,146.35,139.75,80972,11683928.6,26-MAY-2017,2408,INE555B01013
AXISGOLD,EQ,2542.1,2569.9,2542.1,2557.4,2569,2557.95,188,480471,26-MAY-2017,22,INF846K01347
AYMSYNTEX,EQ,80.1,81.35,79.65,79.8,79.8,80.95,17028,1368144.55,26-MAY-2017,150,INE193B01039
BAFNAPHARM,EQ,27.6,27.6,26.65,27.1,26.95,26.7,15229,413994.75,26-MAY-2017,114,INE878I01014
BAGFILMS,EQ,4.25,4.4,4.2,4.35,4.35,4.15,112914,487601.15,26-MAY-2017,157,INE116D01028
BAJAJ-AUTO,EQ,2820,2835,2797.05,2814.1,2808,2822.8,237938,670117076.45,26-MAY-2017,21031,INE917I01010
BAJAJCORP,EQ,363.9,363.9,359.55,360,359.9,360.15,37113,13363777.05,26-MAY-2017,2218,INE933K01021
BAJAJELEC,EQ,342.2,361.4,340,359.45,361.4,346.2,498356,176462146.85,26-MAY-2017,13974,INE193E01025
BAJAJFINSV,EQ,4021,4080,3965,4007.35,4014.7,3997.1,161514,649931547.7,26-MAY-2017,14911,INE918I01018
BAJAJHIND,EQ,16.3,16.45,15.8,16.15,16.25,16.15,5071549,82138732.05,26-MAY-2017,5934,INE306A01021
BAJAJHLDNG,EQ,2036,2095,2036,2066.55,2062,2068.4,5276,10918114.5,26-MAY-2017,1219,INE118A01012
BAJFINANCE,EQ,1261.7,1326.7,1261.7,1317.8,1314.85,1258.85,1306793,1705701981.25,26-MAY-2017,40302,INE296A01024
BALAJITELE,EQ,110.55,114,109.85,111.5,111.05,110.65,80340,9003455.4,26-MAY-2017,1182,INE794B01026
BALAMINES,EQ,369.9,369.9,349.8,354.4,351.5,363.25,8866,3173131,26-MAY-2017,446,INE050E01027
BALKRISHNA,EQ,83,83,80.1,80.65,81,80.15,27449,2236815.3,26-MAY-2017,402,INE875R01011
BALKRISIND,EQ,1490,1533.95,1481.05,1497.55,1490.5,1491.65,92268,139371240.55,26-MAY-2017,3937,INE787D01026
BALLARPUR,EQ,19.05,20.3,19.05,20.15,20.1,19.2,2095571,41659482.05,26-MAY-2017,2819,INE294A01037
BALMLAWRIE,EQ,220.9,234,220.3,230.45,232,220.8,65999,15029863.1,26-MAY-2017,2068,INE164A01016
BALPHARMA,EQ,95.85,96.9,93.5,96.55,96.15,93.65,50974,4896562.7,26-MAY-2017,213,INE083D01012
BALRAMCHIN,EQ,166,168,164.85,167.5,167.15,165.3,1506953,251308116.05,26-MAY-2017,11569,INE119A01028
BANARBEADS,BE,60,61,57.05,58.75,61,60,5685,334989.1,26-MAY-2017,54,INE655B01011
BANARISUG,EQ,1904.95,1949.8,1875,1896.1,1895,1904.05,652,1244667.8,26-MAY-2017,113,INE459A01010
BANCOINDIA,EQ,220,232.75,219.4,223.2,222.45,217.2,247098,55982112.5,26-MAY-2017,4665,INE213C01025
BANG,BE,37.1,40,37.1,39,39,38.9,6104,242158.6,26-MAY-2017,39,INE863I01016
BANKBARODA,EQ,181.5,181.75,177.65,179.45,179.35,181.5,7630085,1370431536.6,26-MAY-2017,44801,INE028A01039
BANKBEES,EQ,2383.7,2407.1,2330.5,2367.43,2365,2336.99,81775,192739119.02,26-MAY-2017,376,INF732E01078
BANKINDIA,EQ,147.95,150.65,144.5,148.65,148.7,148.95,6277558,930505668.6,26-MAY-2017,30516,INE084A01016
BANSWRAS,EQ,181,181.1,161,169.65,168.7,188.45,82727,14085919.85,26-MAY-2017,2590,INE629D01012
BARTRONICS,EQ,15.05,15.7,15.05,15.45,15.5,15.05,75868,1171167.9,26-MAY-2017,304,INE855F01034
BASF,EQ,1335,1337.9,1301.1,1310.25,1303,1326.45,7909,10421522.2,26-MAY-2017,1295,INE373A01013
BASML,EQ,301.15,308.45,300,300,300,300,806,241975.95,26-MAY-2017,15,INE186H01014
BATAINDIA,EQ,529.7,539.8,526.4,536.7,534.3,527.3,295824,158033165.75,26-MAY-2017,9635,INE176A01028
BAYERCROP,EQ,4300,4348,4278.05,4299.7,4300,4302.65,16269,70006778,26-MAY-2017,4799,INE462A01022
BBL,EQ,1027,1075,1027,1058.65,1060,1038.55,20527,21791055.65,26-MAY-2017,1928,INE464A01028
BBTC,EQ,915.8,923.5,902,905.7,909,909,51034,46571506.75,26-MAY-2017,2450,INE050A01025
BEARDSELL,BE,69.5,69.5,69.05,69.05,69.05,72.65,3875,267823.75,26-MAY-2017,39,INE520H01022
BEDMUTHA,EQ,43.2,45.95,43.2,45.05,44.65,45.25,87325,3889041.6,26-MAY-2017,593,INE844K01012
BEL,EQ,172,175.4,170.5,174.95,174.75,172,4899143,853782904.05,26-MAY-2017,15672,INE263A01024
BEML,EQ,1173,1230,1165.3,1215.8,1219.95,1171.65,342187,415359651.5,26-MAY-2017,10470,INE258A01016
BEPL,EQ,40,41.9,40,41.2,41.1,39.95,1553221,63859004.05,26-MAY-2017,4146,INE922A01025
BERGEPAINT,EQ,242.95,261,242.7,258,259.9,242.65,1166089,299280405.4,26-MAY-2017,17147,INE463A01038
BFINVEST,EQ,153.7,159.5,153.7,157.1,157.3,153.15,24323,3817635.45,26-MAY-2017,577,INE878K01010
BFUTILITIE,EQ,394.7,407.75,392.05,401.2,402,392.95,393976,158302747.5,26-MAY-2017,9593,INE243D01012
BGLOBAL,BE,6.75,6.75,6.15,6.7,6.75,6.45,126388,813219.15,26-MAY-2017,151,INE224M01013
BGRENERGY,EQ,156,161,155,160,159.6,156.9,214204,34091535.35,26-MAY-2017,4674,INE661I01014
BHAGERIA,EQ,304.4,313.95,301.95,306,305.55,298.9,23334,7177924.1,26-MAY-2017,928,INE354C01027
BHAGYANGR,BE,21.7,23.8,21.7,23.8,23.8,22.7,2147,49404.9,26-MAY-2017,15,INE458B01036
BHANDARI,EQ,2.4,2.5,2.35,2.35,2.4,2.45,180006,430610.6,26-MAY-2017,115,INE474E01029
BHARATFIN,EQ,732,754.5,727.3,739.65,737.95,734.7,3217563,2385189152.75,26-MAY-2017,46299,INE180K01011
BHARATFORG,EQ,1109,1141.15,1108.4,1133.2,1139,1112.6,589210,662801164.3,26-MAY-2017,18796,INE465A01025
BHARATGEAR,EQ,117,123,117,117.9,117.05,117.65,22293,2667768.05,26-MAY-2017,466,INE561C01019
BHARATIDIL,EQ,10.2,10.6,10,10.35,10.6,10.2,36707,377789.75,26-MAY-2017,98,INE673G01013
BHARATRAS,EQ,2650,2740,2611.5,2685.75,2680,2664.45,538,1444856.85,26-MAY-2017,123,INE838B01013
BHARATWIRE,EQ,92.75,94.45,91.7,92.9,93.4,91.5,442388,41149836.4,26-MAY-2017,1230,INE316L01019
BHARTIARTL,EQ,369,380.45,368.5,373.6,372.95,370.7,2858455,1073339550.35,26-MAY-2017,35489,INE397D01024
BHEL,EQ,152.9,160.85,152.15,158.45,158.5,152.05,11524634,1802687162.3,26-MAY-2017,46339,INE257A01026
BHUSANSTL,EQ,82.7,90.9,82.6,87.95,87.7,84.25,1468860,129500816.8,26-MAY-2017,12577,INE824B01021
BIGBLOC,EQ,86.1,87.1,84,86.65,87,85.35,46159,3960197.55,26-MAY-2017,168,INE412U01017
BIL,EQ,587.8,670,582.55,608.15,607,583.45,121112,73558626.35,26-MAY-2017,2552,INE828A01016
BILENERGY,EQ,0.9,0.9,0.9,0.9,0.9,0.9,200,180,26-MAY-2017,1,INE607L01029
BILPOWER,EQ,1.2,1.2,1.2,1.2,1.2,1.2,6000,7200,26-MAY-2017,2,INE952D01018
BINANIIND,EQ,74.65,76.8,74,75.7,76.2,74.05,44501,3367256.7,26-MAY-2017,490,INE071A01013
BINDALAGRO,EQ,26.5,27.7,26.5,26.8,26.75,26.5,83112,2237946.55,26-MAY-2017,372,INE143A01010
BIOCON,EQ,931.9,951.3,914.3,939.6,941,934,1077305,1007932915.95,26-MAY-2017,24720,INE376G01013
BIRLACABLE,EQ,41.8,42.15,40.3,41.35,41.05,40.65,8465,348813.35,26-MAY-2017,146,INE800A01015
BIRLACORPN,EQ,780,780.1,762.5,770.95,767.95,774.8,60836,47116099.65,26-MAY-2017,2610,INE340A01012
BIRLAMONEY,BE,53,53.65,51.5,52.55,52.5,52.8,25356,1329223.65,26-MAY-2017,132,INE865C01022
BLBLIMITED,BE,5.7,5.75,5.7,5.75,5.75,6,311,1773.25,26-MAY-2017,3,INE791A01024
BLISSGVS,EQ,191.95,194.35,188.9,191.3,192,190.5,651355,125093622.05,26-MAY-2017,5911,INE416D01022
BLKASHYAP,EQ,30.7,32.1,30.7,31.6,31.5,30.8,248915,7871990.45,26-MAY-2017,801,INE350H01032
BLS,EQ,192.5,193.9,184.95,189.8,188.55,190,129877,24570281.5,26-MAY-2017,555,INE153T01027
BLUEBLENDS,EQ,44,44,39.1,39.7,39.5,40.4,24958,1005459.65,26-MAY-2017,245,INE113O01014
BLUEDART,EQ,4362.75,4473.9,4311.1,4394.1,4390,4335.55,79219,346122604.1,26-MAY-2017,2178,INE233B01017
BLUESTARCO,EQ,646.6,654.9,643.05,645.9,645,643.1,17320,11218151.85,26-MAY-2017,1372,INE472A01039
BODALCHEM,EQ,157,160,152.6,158.3,157.95,156.15,429617,67895676.65,26-MAY-2017,3541,INE338D01028
BOHRA,SM,50,51.5,50,51.5,51.5,48.1,4000,203000,26-MAY-2017,2,INE802W01015
BOMDYEING,EQ,70.2,73.75,69.9,73,73.75,69.85,1691870,121863387.15,26-MAY-2017,8618,INE032A01023
BOSCHLTD,EQ,23599.45,23849,23244.1,23606.3,23679.8,23562.3,22780,534522231.8,26-MAY-2017,9552,INE323A01026
BPCL,EQ,722.1,753.95,703,749.65,753,726.85,3807638,2771607600.95,26-MAY-2017,64761,INE029A01011
BPL,EQ,71.45,75.35,71.1,73.9,73.5,70.85,617776,45581742.9,26-MAY-2017,5100,INE110A01019
BRFL,EQ,138.1,151.6,138.1,150,150,139.85,503135,74320337.2,26-MAY-2017,2933,INE589G01011
BRIGADE,EQ,250.3,257.4,246,250.95,250.05,248.95,152015,38276850.65,26-MAY-2017,2041,INE791I01019
BRITANNIA,EQ,3514,3545,3402.2,3415.85,3416,3517.8,443050,1530692800.2,26-MAY-2017,32761,INE216A01022
BROOKS,EQ,112.05,113.65,110.8,112.45,112.05,112.9,26505,2979039.6,26-MAY-2017,507,INE650L01011
BSE,EQ,1037.5,1061,1037.5,1054.25,1055,1042.65,201438,211024207.75,26-MAY-2017,6679,INE118H01025
BSELINFRA,BE,4.4,4.7,4.4,4.6,4.6,4.6,76755,357090.9,26-MAY-2017,90,INE395A01016
BSL,EQ,75,75.05,72.3,73.65,73.6,74.1,15155,1121227.95,26-MAY-2017,152,INE594B01012
BSLGOLDETF,EQ,2700,2766.95,2700,2715.65,2715.35,2767,97,264571.15,26-MAY-2017,14,INF209K01HT2
BSLIMITED,EQ,1.8,1.85,1.75,1.8,1.8,1.8,403312,722065.15,26-MAY-2017,263,INE043K01029
BSLNIFTY,EQ,97.1,100.31,97.1,99.99,99.99,100,364,36477.74,26-MAY-2017,13,INF209K01IR4
BURNPUR,EQ,8.7,9,8.6,8.8,8.7,8.6,918950,8130020.4,26-MAY-2017,848,INE817H01014
BUTTERFLY,EQ,166,175.15,162.2,168.25,167.5,167.8,17462,2942534.55,26-MAY-2017,650,INE295F01017
BVCL,BE,36,36.5,35.2,35.8,36.2,35.1,10180,365624.5,26-MAY-2017,43,INE139I01011
BYKE,EQ,192.2,197.95,191.25,195.8,194.7,191.4,109350,21299274.3,26-MAY-2017,2951,INE319B01014
CADILAHC,EQ,422.65,446,422.05,443.95,445.2,426.7,1751002,765038662.8,26-MAY-2017,17102,INE010B01027
CAMLINFINE,EQ,77.95,83,75.4,81.25,82.9,76.9,831867,65269288.85,26-MAY-2017,8874,INE052I01032
CANBK,EQ,359,363.9,355.75,360,359.5,358.65,2207815,794091437.25,26-MAY-2017,19967,INE476A01014
CANDC,BE,51.5,54.6,50.9,52.45,52.85,53.55,49969,2571103.15,26-MAY-2017,293,INE874H01015
CANFINHOME,EQ,2639.4,2670.05,2570.2,2631.35,2627,2641.15,118527,311001916.45,26-MAY-2017,9179,INE477A01012
CANTABIL,EQ,75,76.4,72.95,73.1,73.05,71.95,5752,424087.95,26-MAY-2017,84,INE068L01016
CAPF,EQ,703.9,719.9,700.4,714.85,713,700,645895,459463575,26-MAY-2017,20578,INE688I01017
CAPLIPOINT,EQ,553,573.95,543.05,552.35,549,547.9,205642,115117580.55,26-MAY-2017,6849,INE475E01026
CAPTRUST,EQ,392,396.65,392,393,393,390.6,2358,925406.95,26-MAY-2017,76,INE707C01018
CARBORUNIV,EQ,290.9,301.55,290.05,296.55,296.8,289.9,76312,22666354.85,26-MAY-2017,4024,INE120A01034
CAREERP,EQ,106.2,106.4,105,105.2,105,104.7,13931,1471596.2,26-MAY-2017,225,INE521J01018
CARERATING,EQ,1425.35,1470,1425.35,1459.45,1460,1422.95,12357,18000142.8,26-MAY-2017,2411,INE752H01013
CASTEXTECH,EQ,7.4,7.8,7.25,7.65,7.6,7.3,1255524,9542085.3,26-MAY-2017,886,INE068D01021
CASTROLIND,EQ,414.45,424.75,414.45,420.5,421.25,414.45,623334,262424396.85,26-MAY-2017,9299,INE172A01027
CCCL,BE,4.2,4.55,4.2,4.55,4.55,4.35,19213,85969.15,26-MAY-2017,13,INE429I01024
CCHHL,EQ,13.6,14.35,13.35,13.7,13.6,13.55,98405,1361741.4,26-MAY-2017,371,INE652F01027
CCL,EQ,298.5,298.5,286.7,290.7,290,290.85,178505,51855984.15,26-MAY-2017,5641,INE421D01022
CEATLTD,EQ,1675,1709.95,1653.5,1681.95,1681.25,1679.7,966629,1632236093.95,26-MAY-2017,25588,INE482A01020
CEBBCO,EQ,12.5,12.85,12.3,12.55,12.55,12.4,31784,399843.1,26-MAY-2017,129,INE209L01016
CELEBRITY,EQ,13.9,15,13.65,14.55,14.65,13.85,86095,1248449.95,26-MAY-2017,309,INE185H01016
CELESTIAL,EQ,21.1,22.3,21.1,21.45,21.6,21.55,22708,487034.45,26-MAY-2017,154,INE221I01017
CENTENKA,EQ,377.95,393.85,377.15,391.5,393.7,374.9,90623,34899952.65,26-MAY-2017,3362,INE485A01015
CENTEXT,BE,5.2,5.2,4.85,5,4.95,5,75880,383254.4,26-MAY-2017,76,INE281A01026
CENTRALBK,EQ,104.85,106.3,103.4,104.3,103.65,104.5,349618,36654386.6,26-MAY-2017,2134,INE483A01010
CENTUM,EQ,609.95,620,609.95,613.75,620,610.3,2342,1434154.05,26-MAY-2017,87,INE320B01020
CENTURYPLY,EQ,254.85,260.8,253.05,259.65,259.95,252.65,158287,40862666,26-MAY-2017,4469,INE348B01021
CENTURYTEX,EQ,1064.7,1080,1056,1075.95,1074.5,1058.65,642553,686646357.35,26-MAY-2017,14933,INE055A01016
CERA,EQ,2898.95,2975.05,2891,2919.5,2893.65,2902.1,3226,9465247.5,26-MAY-2017,687,INE739E01017
CEREBRAINT,EQ,42.9,43.75,40.55,41.25,41.35,42.85,663579,27371677.1,26-MAY-2017,1198,INE345B01019
CESC,EQ,891,906,886.6,897.9,902.6,888,581437,521613521.55,26-MAY-2017,12517,INE486A01013
CGCL,EQ,58.05,60.8,57.7,60,59.7,58.05,23247,1370608.5,26-MAY-2017,168,INE180C01026
CGPOWER,EQ,93.7,97.4,91.35,93.35,93.15,92.8,5766419,543074269.8,26-MAY-2017,24092,INE067A01029
CHAMBLFERT,EQ,116.2,124.1,115.1,122.95,123.6,115.45,1761138,212271086.35,26-MAY-2017,16840,INE085A01013
CHENNPETRO,EQ,373.9,390,370.1,388.15,387,372.55,466733,177721749.55,26-MAY-2017,8599,INE178A01016
CHOLAFIN,EQ,1001.5,1019.9,1001.5,1009.95,1015,992.4,299791,302730683.45,26-MAY-2017,6879,INE121A01016
CHROMATIC,EQ,2.55,2.55,2.45,2.5,2.55,2.5,222750,555204.25,26-MAY-2017,144,INE662C01015
CIGNITITEC,EQ,267.75,281.9,267,279.25,278.6,267.05,49044,13505808.35,26-MAY-2017,810,INE675C01017
CIMMCO,BE,83.7,84.9,83.5,84.9,84.9,80.9,3821,322862.1,26-MAY-2017,53,INE184C01028
CINELINE,EQ,75,76.65,74.55,75.1,75.4,75.4,29414,2216436.35,26-MAY-2017,262,INE704H01022
CINEVISTA,BE,6.8,7,6.4,6.9,7,6.7,17321,113463.65,26-MAY-2017,16,INE039B01026
CIPLA,EQ,483,504.75,480.2,488.9,491.25,504,7010307,3431015679.55,26-MAY-2017,112619,INE059A01026
CKPPRODUCT,SM,50.25,50.25,50.2,50.2,50.2,50.25,6000,301350,26-MAY-2017,2,INE977V01017
CLEDUCATE,EQ,425.1,428.35,424.25,425,425,425.45,4027,1712645.35,26-MAY-2017,581,INE201M01011
CLNINDIA,EQ,622.6,627.65,619.15,623.4,623.2,622.6,40365,25179640.9,26-MAY-2017,1045,INE492A01029
CMICABLES,EQ,203.75,209,202.8,206.1,205.5,201.7,18628,3831435.85,26-MAY-2017,341,INE981B01011
CNOVAPETRO,EQ,28.9,28.9,24,27.45,27.4,26.2,16794,455078.2,26-MAY-2017,145,INE672K01025
COALINDIA,EQ,266,269.25,265.9,268.25,268.1,265.45,1843278,494490160.45,26-MAY-2017,19231,INE522F01014
COFFEEDAY,EQ,253.5,257.05,251.25,252.45,252.2,253.6,50985,12925921.95,26-MAY-2017,1383,INE335K01011
COLPAL,EQ,988.2,1004.35,980.35,1000.6,1001,980.05,129610,129269699.6,26-MAY-2017,7471,INE259A01022
COMPINFO,EQ,31,34.5,29.3,33.05,33,30.9,285115,9170921.15,26-MAY-2017,993,INE070C01037
COMPUSOFT,EQ,12.55,13.4,12.25,13.15,13.05,12.45,86556,1114991.8,26-MAY-2017,389,INE453B01029
CONCOR,EQ,1188.9,1216,1185.6,1208.5,1210,1154.85,674182,810988559.9,26-MAY-2017,21534,INE111A01017
CONSOFINVT,EQ,70.95,70.95,67.8,68.65,68.65,69.45,3133,215522.65,26-MAY-2017,68,INE025A01027
CONTROLPR,EQ,267.8,267.8,255.95,257.05,261.95,263.35,7160,1858751.85,26-MAY-2017,320,INE663B01015
CORALFINAC,BE,232,235.4,232,235.35,235.4,228.8,642,150582,26-MAY-2017,19,INE558D01013
CORDSCABLE,EQ,87,89.95,86,87.15,86.85,87.4,14898,1311993.35,26-MAY-2017,226,INE792I01017
COROMANDEL,EQ,382.1,389,380.6,382.7,383.8,380.35,164983,63429493,26-MAY-2017,4402,INE169A01031
CORPBANK,EQ,51.1,52.45,50.5,52,52,50.5,533882,27521637.4,26-MAY-2017,2854,INE112A01023
COSMOFILMS,EQ,413.4,418.3,410.05,412.5,414.9,409.65,30543,12656704.65,26-MAY-2017,957,INE757A01017
COUNCODOS,EQ,3.45,3.45,3.3,3.3,3.3,3.4,37775,125315.05,26-MAY-2017,47,INE695B01025
COX&KINGS,EQ,214.7,219.45,214.05,216.7,215.6,213.45,136896,29686871.05,26-MAY-2017,7182,INE008I01026
CPSEETF,EQ,28.95,28.95,28.6,28.86,28.95,28.79,1099629,31649882.85,26-MAY-2017,4869,INF457M01133
CREATIVE,SM,121.5,121.5,112.5,112.5,112.5,119,8000,940880,26-MAY-2017,5,INE985W01018
CREST,BE,148,148.5,140.1,143.4,145,141.45,2335,338854.5,26-MAY-2017,58,INE559D01011
CRISIL,EQ,1865,1909.7,1865,1889.45,1881,1874.2,75587,143679754.15,26-MAY-2017,1283,INE007A01025
CRMFGETF,EQ,2650,2710,2650,2710,2710,2710,203,550025,26-MAY-2017,6,INF760K01BR1
CROMPTON,EQ,219.65,226.5,219.2,224.8,225.1,218.3,1000837,224101669.85,26-MAY-2017,77628,INE299U01018
CTE,EQ,84.05,87.45,84.05,87.45,87.45,85.75,8246,720316.45,26-MAY-2017,55,INE627H01017
CUB,EQ,169.9,172.9,163.75,171.9,172,168.3,501950,84382393.35,26-MAY-2017,5126,INE491A01021
CUMMINSIND,EQ,940,956.35,923.15,949.95,945,925.05,314033,297067459.6,26-MAY-2017,6967,INE298A01020
CUPID,EQ,287.2,293.75,278.9,281.15,280.5,286.35,83802,23751472.7,26-MAY-2017,2272,INE509F01011
CURATECH,EQ,8,8,8,8,8,8.15,20,160,26-MAY-2017,1,INE117B01012
CYBERTECH,EQ,58.55,60.45,58.35,58.85,59,58.75,24687,1464535.1,26-MAY-2017,199,INE214A01019
CYIENT,EQ,501.35,507,500.2,503.45,504,503.3,65164,32836584.7,26-MAY-2017,9641,INE136B01020
DAAWAT,EQ,76.3,80.7,70,75.2,74.5,77.95,1315299,101213860.3,26-MAY-2017,10029,INE818H01020
DABUR,EQ,270.05,271.45,267.2,269.75,271,269,1155482,311251338.4,26-MAY-2017,23421,INE016A01026
DALMIABHA,EQ,2404,2480,2364.55,2461.3,2468.9,2375.05,139160,339160315,26-MAY-2017,10182,INE439L01019
DALMIASUG,EQ,145.3,148.5,143.4,144.3,145.7,144,78689,11478398.35,26-MAY-2017,1306,INE495A01022
DAMODARIND,EQ,85.5,88.4,85,85.85,85.45,85.25,2605,224508.35,26-MAY-2017,32,INE497D01014
DATAMATICS,EQ,104.95,105.8,102.6,103.35,103.15,104.1,184656,19172659.3,26-MAY-2017,2999,INE365B01017
DBCORP,EQ,361.85,370.4,360.55,369.2,370,361.8,20657,7576868.9,26-MAY-2017,1093,INE950I01011
DBL,EQ,443.9,451.75,437.55,440.3,438.95,440.75,209286,92964940.1,26-MAY-2017,4140,INE917M01012
DBREALTY,EQ,42,43.3,42,43,43.1,42.15,231505,9925288.4,26-MAY-2017,1628,INE879I01012
DBSTOCKBRO,EQ,9.5,9.5,9.5,9.5,9.5,9.65,335,3182.5,26-MAY-2017,4,INE921B01025
DCBBANK,EQ,186.75,195.3,185.7,193.75,193.6,186.75,2015228,385316177.25,26-MAY-2017,13393,INE503A01015
DCM,EQ,129.25,131.5,129.25,130.3,129.55,129.45,20645,2701465.4,26-MAY-2017,314,INE498A01018
DCMSHRIRAM,EQ,365.05,369.8,358.4,364.6,367,363.45,39318,14328343.85,26-MAY-2017,1432,INE499A01024
DCW,EQ,36.25,38.3,35.15,37.95,37.8,35.95,1514689,56703810.65,26-MAY-2017,3440,INE500A01029
DECCANCE,EQ,1138,1174,1138,1168.2,1158,1160.25,5660,6603288.1,26-MAY-2017,877,INE583C01013
DEEPAKFERT,EQ,243.25,251.25,243.25,249.25,250,244.15,157182,39174464.5,26-MAY-2017,2256,INE501A01019
DEEPAKNTR,EQ,138,144.7,138,140.8,140.5,138.05,168285,23962102.6,26-MAY-2017,3835,INE288B01029
DEEPIND,EQ,301.75,314.7,301.75,313.05,313,304.85,34933,10865141.55,26-MAY-2017,1945,INE677H01012
DELTACORP,EQ,148.7,155.3,146.85,154.25,154,147.85,3336320,507317185.45,26-MAY-2017,27099,INE124G01033
DELTAMAGNT,EQ,37.5,37.55,37.5,37.55,37.55,35.8,300,11263.5,26-MAY-2017,4,INE393A01011
DEN,EQ,88.25,91.3,87.4,89.9,90.3,88.25,114742,10308115.25,26-MAY-2017,1326,INE947J01015
DENABANK,EQ,35.5,36.2,35.05,35.85,35.95,35.2,1092485,39053752.35,26-MAY-2017,4119,INE077A01010
DENORA,EQ,239,249,239,245.3,244.25,239.8,3543,869902.6,26-MAY-2017,177,INE244A01016
DEVIT,SM,57.5,57.5,57.5,57.5,57.5,57.5,3000,172500,26-MAY-2017,1,INE060X01018
DFMFOODS,EQ,1451,1458,1362,1410,1420,1493.65,1579,2251488.15,26-MAY-2017,426,INE456C01012
DHAMPURSUG,EQ,211.75,214.4,200.55,203.75,203.15,209.55,461928,95266420.75,26-MAY-2017,5282,INE041A01016
DHANBANK,EQ,36.9,37.8,36.25,37.3,37.5,36.45,1570518,58447057.85,26-MAY-2017,4346,INE680A01011
DHANUKA,EQ,785.95,799,769.85,786.45,776,786.95,30966,24307911.25,26-MAY-2017,1822,INE435G01025
DHARSUGAR,EQ,29.85,29.85,27.5,28.5,28.2,29.2,40323,1147452.05,26-MAY-2017,296,INE988C01014
DHFL,EQ,411.9,415.45,408.7,410.65,411,405.5,2555251,1052480440.75,26-MAY-2017,35435,INE202B01012
DHFL,N6,1016,1019,1010.05,1011.06,1011.06,1024,879,892844.84,26-MAY-2017,11,INE202B07HP2
DHFL,N8,1062.2,1062.2,1062.15,1062.17,1062.15,1063,48,50984.45,26-MAY-2017,2,INE202B07HR8
DHFL,NC,1074,1074.2,1072.75,1074.2,1074.2,1072.05,1603,1721386.7,26-MAY-2017,12,INE202B07HV0
DHFL,NH,1175,1175,1175,1175,1175,1175,10,11750,26-MAY-2017,1,INE202B07IB0
DHFL,NL,1054.25,1054.25,1054.25,1054.25,1054.25,1053,50,52712.5,26-MAY-2017,2,INE202B07IK1
DHFL,NP,1065.8,1066.15,1064.6,1065.88,1066.15,1065.15,2142,2282206.3,26-MAY-2017,21,INE202B07IO3
DHUNINV,EQ,253.95,254,244,245.05,245,245.2,1094,271911.65,26-MAY-2017,38,INE320L01011
DIAPOWER,EQ,29,30.7,29,30.2,30.2,29.2,122936,3693781.35,26-MAY-2017,470,INE989C01012
DICIND,EQ,473,473.95,457,467.95,468,464.85,2808,1306786.05,26-MAY-2017,262,INE303A01010
DIGJAMLTD,EQ,13.5,14.1,13.45,13.7,13.8,13.55,147153,2024886.55,26-MAY-2017,527,INE731U01010
DISHMAN,EQ,266.3,297,265.05,293.25,292.5,268.1,2039020,587794723.3,26-MAY-2017,31429,INE353G01020
DISHTV,EQ,82,87.8,81.55,87.1,87.55,81.55,20266117,1745731935.15,26-MAY-2017,85350,INE836F01026
DIVISLAB,EQ,548,561,542.5,545.3,546,549.75,1229349,676135594.9,26-MAY-2017,30851,INE361B01024
DLF,EQ,195.4,197.2,192.4,194,193.7,194.95,9495071,1846750158.8,26-MAY-2017,53467,INE271C01023
DLINKINDIA,EQ,102.7,105,102.4,102.95,102.85,102.7,145763,15122596.4,26-MAY-2017,2310,INE250K01012
DMART,EQ,714,732,709.45,714.9,713,712.4,790476,568285000.1,26-MAY-2017,22517,INE192R01011
DOLLAR,BE,1616,1680.1,1600,1680.1,1680.1,1600.1,15919,26517875.8,26-MAY-2017,176,INE325C01027
DOLPHINOFF,EQ,95,99.9,94.2,97.15,96.35,95.85,142609,13862993.6,26-MAY-2017,2710,INE920A01011
DONEAR,EQ,68,71.25,68,69.6,70,67.75,30798,2145018.35,26-MAY-2017,519,INE668D01028
DPL,EQ,80.55,81.05,78.2,78.9,78.7,80.4,41056,3271502.4,26-MAY-2017,676,INE477B01010
DPSCLTD,EQ,38.55,39.6,38.1,38.6,38.5,38.9,34171,1325620.8,26-MAY-2017,103,INE360C01024
DQE,BE,17.5,18.8,17.5,18.65,18.55,17.95,44237,809919.45,26-MAY-2017,84,INE656K01010
DREDGECORP,EQ,584.05,610.9,584,598.5,599.95,583.75,81074,48709578.7,26-MAY-2017,3577,INE506A01018
DRREDDY,EQ,2500,2509.95,2403.8,2414.4,2419.95,2427.7,721031,1755982583.05,26-MAY-2017,38740,INE089A01023
DSKULKARNI,BE,49.45,53.7,49.45,52.4,51.1,51.5,19027,966393,26-MAY-2017,144,INE891A01014
DSSL,EQ,22,22.8,22,22.8,22.8,21.95,3633,81525.2,26-MAY-2017,26,INE417B01040
DTIL,EQ,295,296.9,291,292.25,291,292.65,1542,450823.05,26-MAY-2017,56,INE341R01014
DUCON,EQ,38.25,38.85,36,38.35,38,37,511467,19682830.65,26-MAY-2017,1684,INE741L01018
DWARKESH,EQ,449.35,456,441.4,442.85,441.6,450.15,92529,41457692.8,26-MAY-2017,3204,INE366A01033
DYNAMATECH,EQ,2720.05,2720.05,2675,2691.6,2690,2693.2,5263,14207090.9,26-MAY-2017,87,INE221B01012
EASTSILK,EQ,2.4,2.4,2.2,2.3,2.3,2.25,12175,27513.7,26-MAY-2017,24,INE962C01027
EASUNREYRL,BE,29.5,30.8,28.75,30.7,29.85,29.35,8193,251221.85,26-MAY-2017,35,INE268C01029
ECEIND,EQ,235,238.8,235,235.45,235,234.25,580,136867.6,26-MAY-2017,20,INE588B01014
ECLERX,EQ,1279.9,1343.95,1279.9,1324,1325,1272.75,8909,11719138.2,26-MAY-2017,3241,INE738I01010
ECLFINANCE,N3,1044,1044,1037,1040.01,1040.01,1044,327,340865.5,26-MAY-2017,11,INE804I07SI2
ECLFINANCE,N5,1085,1085,1080.26,1083.4,1083.4,1085,240,259730.88,26-MAY-2017,11,INE804I08601
ECLFINANCE,N8,1000,1004,1000,1004,1004,1003,38,38041.25,26-MAY-2017,6,INE804I07ZI7
ECLFINANCE,NA,1240,1240,1240,1240,1240,1200.05,10,12400,26-MAY-2017,1,INE804I07ZK3
EDELWEISS,EQ,174.95,180,174.5,179.45,178.5,174.65,3328061,590869868.6,26-MAY-2017,27042,INE532F01054
EDL,EQ,45,45,43.2,43.6,43.75,43.45,20578,902419.85,26-MAY-2017,576,INE180G01019
EDUCOMP,EQ,8.9,9.25,8.8,8.95,9.05,8.8,298334,2693033.9,26-MAY-2017,716,INE216H01027
EHFLNCD,N5,1055,1055,1050,1054.69,1050,1058.36,149,157180.1,26-MAY-2017,4,INE530L07210
EHFLNCD,N6,1125.1,1128,1125.1,1128,1128,1128.47,608,685047.4,26-MAY-2017,7,INE530L07228
EICHERMOT,EQ,27915,28633.5,27915,28351.35,28270,28009.45,30251,859422470.55,26-MAY-2017,12803,INE066A01013
EIDPARRY,EQ,322.8,326.2,320.05,324.25,323.05,320.35,104283,33741123.4,26-MAY-2017,1965,INE126A01031
EIFFL,SM,98,98,97.5,97.5,97.5,97.65,3200,312800,26-MAY-2017,2,INE546V01010
EIHAHOTELS,EQ,393.05,399.9,393,395.3,395,392.2,1689,669125.5,26-MAY-2017,52,INE276C01014
EIHOTEL,EQ,141.55,144.7,141.45,142.55,142.95,142.7,107522,15346521.95,26-MAY-2017,1170,INE230A01023
EIMCOELECO,EQ,620,629.8,607.05,609.45,608.4,616.6,6657,4097249.1,26-MAY-2017,378,INE158B01016
EKC,EQ,32.55,33.7,32.55,32.95,33.25,32.55,133828,4433371.4,26-MAY-2017,586,INE184H01027
ELAND,EQ,22,22.95,22,22.65,22.7,21.75,21079,475867.1,26-MAY-2017,163,INE311H01018
ELECON,EQ,60.3,63,59.85,62.15,61.85,59.85,312484,19325515.4,26-MAY-2017,2524,INE205B01023
ELECTCAST,EQ,33.05,35.2,33,34.9,34.85,33.15,405740,13908338.85,26-MAY-2017,1301,INE086A01029
ELECTHERM,EQ,297,308,266.05,294.95,295,285.3,296679,85658116.1,26-MAY-2017,7744,INE822G01016
ELGIEQUIP,EQ,204.95,207.95,204.9,206.2,204.95,205.65,9957,2052392.05,26-MAY-2017,300,INE285A01027
ELGIRUBCO,EQ,46.1,50.25,46,47.8,47.55,46.5,84320,4098686.25,26-MAY-2017,513,INE819L01012
EMAMIINFRA,BE,87.4,92.3,87.4,92.3,92.3,87.95,21736,2001148.9,26-MAY-2017,139,INE778K01012
EMAMILTD,EQ,1094.95,1097.95,1088,1091.15,1089.9,1089.6,41899,45853660.75,26-MAY-2017,1808,INE548C01032
EMCO,EQ,25,26.35,25,25.9,26.15,25.1,185429,4756655.8,26-MAY-2017,749,INE078A01026
EMKAY,EQ,89.05,91.5,87.5,90.2,88.2,89.55,39492,3528615.6,26-MAY-2017,759,INE296H01011
EMMBI,EQ,198.45,206,194.5,201.5,201,196.85,117225,23638310.4,26-MAY-2017,3409,INE753K01015
ENDURANCE,EQ,819.85,822,805.25,813.1,810,819.2,44836,36684204.9,26-MAY-2017,5933,INE913H01037
ENERGYDEV,EQ,27,27.5,26,26.2,26.3,26.9,67368,1771567.1,26-MAY-2017,431,INE306C01019
ENGINERSIN,EQ,155.35,159.1,154.4,158.3,158.75,154.5,1877142,295793348.85,26-MAY-2017,15146,INE510A01028
ENIL,EQ,759,775,751.5,763.05,759.95,753.15,3531,2676122.7,26-MAY-2017,184,INE265F01028
EON,EQ,66.6,71.9,66.6,70.9,71.3,69.4,14641,1036901.4,26-MAY-2017,132,INE076H01025
EQ30,EQ,246.9,246.9,231.58,231.58,231.58,231.22,131,31327.23,26-MAY-2017,7,INF754K01EM9
EQUITAS,EQ,152.95,155.3,152.2,153.65,153.45,152.15,978613,150438916.55,26-MAY-2017,8215,INE988K01017
EROSMEDIA,EQ,224.5,227.35,221.4,224.9,224,223.3,363664,81833133.3,26-MAY-2017,6801,INE416L01017
ESABINDIA,EQ,593.45,593.45,580,582.5,581,593.45,2709,1579876.4,26-MAY-2017,159,INE284A01012
ESCORTS,EQ,635.05,651.75,634,642.7,644,630.2,1279579,823078203.5,26-MAY-2017,21785,INE042A01014
ESL,EQ,4.65,4.85,4.65,4.8,4.8,4.65,1155118,5485029.6,26-MAY-2017,370,INE481K01013
ESSARSHPNG,EQ,29.95,31.8,29.25,30.55,30.6,29.4,310727,9524938.8,26-MAY-2017,1212,INE122M01019
ESSDEE,BE,43.7,45.3,43.5,45.3,45.3,43.15,5950,267913.9,26-MAY-2017,32,INE825H01017
ESSELPACK,EQ,260.95,270.8,258,266.75,266,259.05,52026,13894660.05,26-MAY-2017,2856,INE255A01020
ESTER,EQ,38.45,39.45,38,39.05,39.25,38.55,59652,2325657.6,26-MAY-2017,313,INE778B01029
EUROCERA,BE,11.35,11.35,11.35,11.35,11.35,10.85,8570,97269.5,26-MAY-2017,16,INE649H01011
EUROMULTI,BE,2.8,2.8,2.8,2.8,2.8,2.75,100,280,26-MAY-2017,1,INE063J01011
EUROTEXIND,EQ,43.05,44.4,43,43.9,44,43,1556,68206.2,26-MAY-2017,17,INE022C01012
EVEREADY,EQ,317.5,325.9,317.35,322.25,320.7,317.75,374681,120504797.1,26-MAY-2017,1948,INE128A01029
EVERESTIND,EQ,277.75,283.6,274.65,280.8,283,272.95,33942,9513803.25,26-MAY-2017,1416,INE295A01018
EXCEL,EQ,38.05,39,36.8,37.6,37.5,38.2,96566,3679547.05,26-MAY-2017,394,INE688J01015
EXCELCROP,EQ,1740,1740,1700,1705.25,1700,1719.65,692,1186344,26-MAY-2017,92,INE223G01017
EXCELINDUS,EQ,383.35,387.95,378.2,381.15,382,380.4,7035,2691256.55,26-MAY-2017,341,INE369A01029
EXIDEIND,EQ,227.4,234.8,226.5,233.35,234,227.8,1519584,352342661.35,26-MAY-2017,15234,INE302A01020
FACT,EQ,47.6,49.25,47.5,49.25,49.25,46.95,204862,9989147.55,26-MAY-2017,1030,INE188A01015
FAGBEARING,EQ,4550.05,4600,4545,4590.75,4585,4541.8,692,3168371.7,26-MAY-2017,193,INE513A01014
FAIRCHEM,EQ,466.1,488.5,466.05,485.15,485,476.8,2107,1016127.55,26-MAY-2017,214,INE959A01019
FCL,EQ,34.5,35,33.05,33.4,33.5,33.45,138531,4695985.75,26-MAY-2017,485,INE045J01026
FCONSUMER,EQ,30.75,31.65,30.7,31.5,31.2,30.55,1226574,38411687.1,26-MAY-2017,2783,INE220J01025
FCSSOFT,BE,0.25,0.25,0.2,0.2,0.2,0.2,548171,119406.5,26-MAY-2017,63,INE512B01022
FDC,EQ,174.25,180.25,174,177.25,177,171.75,68992,12297122.45,26-MAY-2017,2201,INE258B01022
FEDDERLOYD,EQ,73.1,77.5,73.1,76.75,76.8,74,82884,6280424.9,26-MAY-2017,915,INE249C01011
FEDERALBNK,EQ,111.5,113.6,111.25,112.55,112.4,110.85,7319175,822902080.9,26-MAY-2017,28433,INE171A01029
FEL,EQ,28.95,30,28.6,29.8,29.6,28.55,543424,15950705.35,26-MAY-2017,1642,INE623B01027
FELDVR,EQ,27.45,27.8,26.6,27.45,27.7,26.5,13464,368447.2,26-MAY-2017,77,IN9623B01058
FIEMIND,EQ,894.95,918,884.05,887.6,889.95,886.7,15897,14181719.5,26-MAY-2017,1188,INE737H01014
FILATEX,EQ,137.4,141,136.05,137.3,137,135.85,63619,8848667.65,26-MAY-2017,470,INE816B01019
FINCABLES,EQ,502,534.05,502,524.4,522,497.6,103046,54217530.25,26-MAY-2017,4109,INE235A01022
FINPIPE,EQ,595,597,582.55,587.6,585.5,588.85,72251,42699764.1,26-MAY-2017,3016,INE183A01016
FLEXITUFF,EQ,137.9,137.9,127.25,132.7,135,132.55,3528,463633.65,26-MAY-2017,1273,INE060J01017
FLFL,EQ,287.55,297.4,283.95,294.15,294.9,285.5,77080,22582399.65,26-MAY-2017,2619,INE452O01016
FMGOETZE,EQ,583,593.95,583,588.05,586.05,590.65,3335,1966650.1,26-MAY-2017,277,INE529A01010
FMNL,EQ,75.15,78,73.7,75.6,75.2,75.15,22488,1689793.05,26-MAY-2017,342,INE360L01017
FOCUS,SM,142,155.4,142,153.45,155.4,148.05,12000,1807200,26-MAY-2017,4,INE593W01010
FORTIS,EQ,205.1,206.25,201.75,202.75,202.75,202.55,2141143,437178776.75,26-MAY-2017,14747,INE061F01013
FOSECOIND,EQ,1382.7,1429,1382.7,1419.1,1420.5,1405.85,473,668726.6,26-MAY-2017,104,INE519A01011
FOURTHDIM,SM,66,68,65.5,68,68,69.95,14000,933000,26-MAY-2017,7,INE382T01014
FRETAIL,EQ,314.95,327,309.05,324.55,325,314.7,429553,137745417,26-MAY-2017,10858,INE752P01024
FSL,EQ,33.8,34.3,33.35,34.1,34.05,33.5,1637966,55680751.3,26-MAY-2017,9318,INE684F01012
GABRIEL,EQ,129.35,130,128,128.95,128.9,129.35,125625,16226542.55,26-MAY-2017,1864,INE524A01029
GAEL,EQ,133.45,134.8,131,134.15,134.8,131.1,55301,7354663.2,26-MAY-2017,789,INE036B01022
GAIL,EQ,399.7,403,398,401.75,401.7,401,2024741,811127274.1,26-MAY-2017,53478,INE129A01019
GAL,EQ,7.1,7.1,6.9,7,7.1,7,84679,592603.9,26-MAY-2017,160,INE482J01021
GALLANTT,EQ,39.1,40.5,39.1,40,40,39.7,20647,826508.45,26-MAY-2017,93,INE297H01019
GALLISPAT,EQ,213.25,216,210.05,211.55,211,210.05,56321,11887715.95,26-MAY-2017,198,INE528K01011
GAMMNINFRA,EQ,3.9,4.1,3.85,3.9,3.9,3.9,999804,3966142.25,26-MAY-2017,478,INE181G01025
GAMMONIND,EQ,9.8,10.05,9.7,9.9,9.85,9.7,256564,2532633.15,26-MAY-2017,382,INE259B01020
GANDHITUBE,EQ,339,339.4,332.75,337,338,337,477,160559.5,26-MAY-2017,45,INE524B01027
GANECOS,EQ,298.95,302.6,295.3,298.35,298,294,16731,5004620.9,26-MAY-2017,731,INE845D01014
GANESHHOUC,EQ,111,114,111,113.15,112.05,110.5,101207,11450879,26-MAY-2017,1360,INE460C01014
GARDENSILK,EQ,30.85,32,30.5,31.55,31.5,30.35,70513,2224075.6,26-MAY-2017,401,INE526A01016
GARWALLROP,EQ,794.35,805,775,780.6,783,788.25,33891,26820409.25,26-MAY-2017,4262,INE276A01018
GATI,EQ,124.7,126.65,123.2,125.3,125.25,123.85,432327,54157068.4,26-MAY-2017,5037,INE152B01027
GAYAPROJ,EQ,151.4,159,151.4,156.5,156.1,150.55,103141,16132662.95,26-MAY-2017,1642,INE336H01023
GDL,EQ,241.55,248,236.3,245.35,244.2,240.7,165935,40604067.65,26-MAY-2017,11259,INE852F01015
GEECEE,EQ,126.8,132.2,126.2,130.4,130.9,125.85,11042,1437296.8,26-MAY-2017,388,INE916G01016
GEMINI,BE,1.7,1.75,1.7,1.75,1.75,1.75,4875,8397.5,26-MAY-2017,8,INE878C01033
GENESYS,EQ,162,176.9,155.5,168.6,167.7,161.95,95485,16161213.5,26-MAY-2017,1645,INE727B01026
GENUSPAPER,EQ,5.4,5.5,5.15,5.35,5.3,5.2,239827,1299884.65,26-MAY-2017,287,INE949P01018
GENUSPOWER,EQ,39.8,41.6,39.8,41.45,41.3,39.8,96158,3940657.45,26-MAY-2017,758,INE955D01029
GEOJITFSL,EQ,75.5,81,75.1,78.45,78.45,74.75,723596,56782501.55,26-MAY-2017,4442,INE007B01023
GEPIL,EQ,654.2,670,642.9,660.6,666,638.95,12944,8536998.85,26-MAY-2017,1074,INE878A01011
GESHIP,EQ,407.7,407.7,392,395,395.05,401,76832,30624184.15,26-MAY-2017,3860,INE017A01032
GET&D,EQ,360.3,364.45,355.55,359.95,357,360.9,39570,14236250.1,26-MAY-2017,1783,INE200A01026
GHCL,EQ,247.85,251,245.75,246.95,247.5,245.85,141958,35181879.3,26-MAY-2017,2641,INE539A01019
GICHSGFIN,EQ,524,533.4,519.95,527.75,529.65,521.9,137250,72449813.1,26-MAY-2017,3663,INE289B01019
GICL,SM,24.25,24.75,24.25,24.75,24.75,24,12000,294000,26-MAY-2017,2,INE947T01014
GILLANDERS,EQ,69.15,71.95,69.1,70.9,71,68.1,1256,89133.05,26-MAY-2017,58,INE047B01011
GILLETTE,EQ,4662.8,4799,4628.05,4689.65,4652.1,4675.75,3907,18438063.2,26-MAY-2017,1386,INE322A01010
GINNIFILA,EQ,38.65,40.25,38.25,39.95,40,38.4,262776,10425409.1,26-MAY-2017,1491,INE424C01010
GIPCL,EQ,104.85,108.4,104.75,105.7,105.7,105.1,185224,19657733.35,26-MAY-2017,3624,INE162A01010
GITANJALI,EQ,62.2,65.45,62,63.9,63.8,62.15,331038,21210368.1,26-MAY-2017,3279,INE346H01014
GKWLIMITED,EQ,412,412,403,409.5,409.5,409.05,167,68114.55,26-MAY-2017,11,INE528A01020
GLAXO,EQ,2361.2,2386,2352.9,2365.9,2353,2372,7409,17554415.3,26-MAY-2017,1257,INE159A01016
GLENMARK,EQ,612.4,628.75,611.1,620.7,620,611.9,1397875,868625592.55,26-MAY-2017,36085,INE935A01035
GLOBAL,SM,268,268,264,264,264,268.2,2000,532000,26-MAY-2017,2,INE291W01011
GLOBALVECT,EQ,134,139.45,126.2,129.1,129.5,123.95,990870,131268766.05,26-MAY-2017,11498,INE792H01019
GLOBOFFS,EQ,39.5,41.05,39,41.05,41.05,39.1,81742,3297077.8,26-MAY-2017,555,INE446C01013
GLOBUSSPR,EQ,63.5,65.5,63.3,63.7,63.65,63,57795,3699054.6,26-MAY-2017,619,INE615I01010
GMBREW,EQ,426.95,431.4,420,423.1,422.05,422.5,7075,3010192.3,26-MAY-2017,460,INE075D01018
GMDCLTD,EQ,134.05,138,133.65,135.05,135,134.4,792660,107999326.95,26-MAY-2017,12627,INE131A01031
GMRINFRA,EQ,15.3,16.05,15.15,15.95,15.95,15.2,17886317,280852804.6,26-MAY-2017,10010,INE776C01039
GNA,EQ,210.5,215.1,208.5,213.65,213.5,207.65,17757,3791888.95,26-MAY-2017,455,INE934S01014
GNFC,EQ,276.8,298,275,290,290.05,275.2,970050,282189140.6,26-MAY-2017,14425,INE113A01013
GOACARBON,EQ,137.5,143.5,137.5,142.15,142.05,135.15,86034,12173083.2,26-MAY-2017,2155,INE426D01013
GOCLCORP,EQ,422.05,426,410.35,418.25,419.9,412.8,3453,1453944.2,26-MAY-2017,213,INE077F01035
GODFRYPHLP,EQ,1224,1248.15,1212,1231.7,1229,1212.25,125796,155158325.4,26-MAY-2017,5470,INE260B01028
GODREJCP,EQ,1788.45,1845,1785.1,1832.85,1835.05,1787.75,336102,612651871.85,26-MAY-2017,24479,INE102D01028
GODREJIND,EQ,584,596.65,577.35,593.5,594.8,583.9,424831,249816977.85,26-MAY-2017,7144,INE233A01035
GODREJPROP,EQ,496.85,501.4,492.9,498.45,497.3,495.65,244699,121923072.6,26-MAY-2017,13471,INE484J01027
GOENKA,BZ,0.65,0.7,0.65,0.7,0.7,0.65,1955,1271.05,26-MAY-2017,3,INE516K01024
GOKEX,BE,75,77.6,74.25,77.6,77.6,73.95,87730,6757167.9,26-MAY-2017,341,INE887G01027
GOKUL,EQ,25.55,28.1,25.5,28.1,28.1,26.8,236581,6407553.6,26-MAY-2017,421,INE020J01029
GOKULAGRO,EQ,29.5,32.45,29.3,31.6,31.05,29.5,80570,2490068.1,26-MAY-2017,415,INE314T01025
GOLDBEES,EQ,2612.3,2635,2612.3,2630.85,2634,2611.65,12840,33685786.9,26-MAY-2017,1051,INF732E01102
GOLDENTOBC,BE,62.5,63,62.3,63,63,63.2,222,13915.4,26-MAY-2017,5,INE973A01010
GOLDIAM,EQ,86,87.75,84.05,85.55,85,83.7,10132,866351.75,26-MAY-2017,231,INE025B01017
GOLDINFRA,BE,78.95,82.85,78.35,82.85,82.85,78.95,20752,1695409,26-MAY-2017,117,INE260D01016
GOLDIWIN,EQ,269.1,273,268.05,270.8,271,271.05,980,265168.1,26-MAY-2017,59,INF109KB1WF4
GOLDSHARE,EQ,2585,2607.7,2577.05,2601.1,2606.5,2585.9,2246,5826018.3,26-MAY-2017,227,INF789F01059
GOLDTECH,BE,12.1,12.85,11.65,12.85,12.85,12.25,7103,88252.55,26-MAY-2017,22,INE805A01014
GOODLUCK,EQ,84.45,86,83.65,84.45,84.25,83.65,28332,2395111.55,26-MAY-2017,468,INE127I01024
GPIL,EQ,90.45,95.9,90.45,94.85,95.25,90.45,60901,5750247.45,26-MAY-2017,838,INE177H01013
GPPL,EQ,148.85,150.55,147.5,149.3,149.2,147.95,153342,22783301.8,26-MAY-2017,3217,INE517F01014
GPTINFRA,EQ,251,255,251,253.35,252,251.75,12508,3147162.3,26-MAY-2017,150,INE390G01014
GRANULES,EQ,136.8,139.7,135,136.25,136.45,136.7,1156691,158525188.7,26-MAY-2017,7158,INE101D01020
GRAPHITE,EQ,112,119.7,110.85,114.35,113.15,110.9,607065,69833562.25,26-MAY-2017,9111,INE371A01025
GRASIM,EQ,1108.7,1119.3,1092.2,1109.4,1110.05,1097.3,1468413,1625812317.4,26-MAY-2017,58795,INE047A01021
GRAVITA,EQ,81.75,84,80.2,82.9,82.55,80.95,371821,30609795,26-MAY-2017,3033,INE024L01027
GREAVESCOT,EQ,152,158,151.1,157.05,157.5,152.1,132942,20669307.95,26-MAY-2017,2134,INE224A01026
GREENFIRE,BE,0.7,0.8,0.7,0.75,0.75,0.75,44934,33004.75,26-MAY-2017,16,INE217G01027
GREENLAM,EQ,740,786,739.95,776.85,768,730.2,75363,57837906.2,26-MAY-2017,1464,INE544R01013
GREENPLY,EQ,291.45,292.7,285.35,290.05,290,289.05,24807,7187730.35,26-MAY-2017,2362,INE461C01038
GREENPOWER,EQ,8.85,8.85,8.5,8.8,8.8,8.8,159454,1388925.85,26-MAY-2017,313,INE999K01014
GRINDWELL,EQ,389,394.8,383,387.5,386.1,391.1,6667,2587049.1,26-MAY-2017,493,INE536A01023
GROBTEA,EQ,300.05,309,300,308.05,309,298,220,66711.05,26-MAY-2017,15,INE646C01018
GRPLTD,EQ,1759.95,1760,1726,1729.65,1726,1769.85,80,139130.3,26-MAY-2017,16,INE137I01015
GRUH,EQ,393,398.75,392.05,394.4,393,392.8,113477,44903621.55,26-MAY-2017,5652,INE580B01029
GSCLCEMENT,EQ,28,28.2,27.2,27.85,28,27.75,66340,1829834.4,26-MAY-2017,195,INE542A01039
GSFC,EQ,123,127.2,122.85,124.8,124.95,122.8,1043795,130979276.6,26-MAY-2017,7731,INE026A01025
GSKCONS,EQ,5248,5345,5213.75,5325.5,5345,5247.7,7243,38482103.6,26-MAY-2017,2119,INE264A01014
GSPL,EQ,175.25,175.25,169.5,170,170,173.95,317459,54291203.2,26-MAY-2017,8573,INE246F01010
GSS,EQ,23,24.9,23,23.9,23.55,23.75,12591,303585.65,26-MAY-2017,126,INE871H01011
GTL,EQ,14.4,15.1,14,14.85,15.1,14.45,175066,2578713.25,26-MAY-2017,477,INE043A01012
GTLINFRA,EQ,5.05,5.3,4.95,5,5.05,5.05,1855872,9399189.2,26-MAY-2017,796,INE221H01019
GTNIND,EQ,18.9,19.2,18.45,18.8,19.2,18.05,3474,65223.5,26-MAY-2017,33,INE537A01013
GTNTEX,BE,19,21,19,20.05,20.05,20,7347,149986.85,26-MAY-2017,31,INE302H01017
GTOFFSHORE,EQ,12.35,12.65,12.2,12.55,12.55,12.45,58626,731938.75,26-MAY-2017,513,INE892H01017
GUFICBIO,EQ,66.4,68.5,65.6,67.3,67.25,65.2,344529,23282863,26-MAY-2017,2375,INE742B01025
GUJALKALI,EQ,441.5,450,411.95,426.2,430.6,443.15,327961,143001677.6,26-MAY-2017,7013,INE186A01019
GUJAPOLLO,EQ,171.1,173.55,170,171.95,171.95,171,13069,2239580.5,26-MAY-2017,74,INE826C01016
GUJFLUORO,EQ,678.35,698.5,678.1,693.8,690.45,678.35,29562,20374403.05,26-MAY-2017,1497,INE538A01037
GUJGASLTD,EQ,754.2,762,740.9,755.45,750,769.6,122125,91519905.5,26-MAY-2017,4996,INE844O01022
GUJNRECOKE,EQ,2.2,2.3,2.15,2.2,2.2,2.2,904758,1995073.75,26-MAY-2017,399,INE110D01013
GUJNREDVR,EQ,1.85,1.95,1.85,1.95,1.95,1.85,18564,35163.4,26-MAY-2017,45,IN9110D01011
GULFOILLUB,EQ,790,794.9,776.1,781.1,781,786.05,5518,4321870.85,26-MAY-2017,506,INE635Q01029
GULFPETRO,EQ,89.95,90.75,85.7,86.8,86.75,89.1,109340,9654666.2,26-MAY-2017,762,INE586G01017
GULPOLY,EQ,82.15,83.05,79,81.8,81.2,81.7,86479,6989830.6,26-MAY-2017,1512,INE255D01024
GVKPIL,EQ,5.45,5.7,5.35,5.55,5.55,5.4,1776986,9857774.95,26-MAY-2017,1262,INE251H01024
HANUNG,EQ,4,4.1,3.9,3.9,3.9,3.95,50568,201641.8,26-MAY-2017,96,INE648H01013
HARITASEAT,EQ,711.95,711.95,695.1,700.3,700,699,2444,1715710.95,26-MAY-2017,79,INE939D01015
HARRMALAYA,EQ,84,87.85,84,86.55,86,84.95,55444,4799460.7,26-MAY-2017,530,INE544A01019
HATHWAY,EQ,39.9,40.8,39.85,40.55,40.3,39.9,149958,6073619.25,26-MAY-2017,5587,INE982F01036
HATSUN,EQ,591.15,591.15,572.25,585.8,581.6,591.15,12799,7466005.45,26-MAY-2017,733,INE473B01035
HAVELLS,EQ,459.7,475.5,455.5,473.3,472,460.25,1306497,615073307.65,26-MAY-2017,19498,INE176B01034
HBLPOWER,EQ,43.3,47.1,42.1,45.7,44,42.95,1538330,69534932.95,26-MAY-2017,5847,INE292B01021
HBSTOCK,EQ,27.75,28.15,26.05,26.4,26.2,27.15,55545,1504092.2,26-MAY-2017,416,INE550B01014
HCC,EQ,41.75,43.6,41.55,42.7,42.8,41.45,13184461,562870003.6,26-MAY-2017,20525,INE549A01026
HCG,EQ,256.45,258,250.95,253,254,252.65,208364,52599260.9,26-MAY-2017,1057,INE075I01017
HCL-INSYS,EQ,49.3,50.75,49,50.15,50.25,49.05,994846,49813259.3,26-MAY-2017,4237,INE236A01020
HCLTECH,EQ,857.7,866,855.45,859.1,858.05,859.6,1302415,1120478486.25,26-MAY-2017,74293,INE860A01027
HDFC,EQ,1538.1,1563,1530.25,1547.9,1544.5,1539.75,1871008,2897490679.9,26-MAY-2017,59347,INE001A01036
HDFC,W2,203.95,205,203,204.15,204.5,198,43800,8931915,26-MAY-2017,6,INE001A13031
HDFCBANK,EQ,1606.65,1632,1601.1,1626,1623,1617.15,1360789,2201159155,26-MAY-2017,31085,INE040A01026
HDFCBANK,IL,1628.05,1628.05,1628.05,1628.05,0.0,1570,250000,407012500,26-MAY-2017,10,INE040A01026
HDFCMFGETF,EQ,2668.3,2675,2659.35,2674,2674,2660.15,529,1411406.65,26-MAY-2017,97,INF179K01CN1
HDFCNIFETF,EQ,962.02,974.4,962.02,971.2,971.2,964.96,45,43554.75,26-MAY-2017,14,INF179KB1KP3
HDFCSENETF,EQ,3149,3149,3149,3149,3149,3111.94,1,3149,26-MAY-2017,1,INF179KB1KQ1
HDIL,EQ,86.85,88.75,85.6,87.7,87.8,86.5,15203503,1328200781.3,26-MAY-2017,44012,INE191I01012
HEG,EQ,242.5,290.85,242.5,290.85,290.85,242.4,395007,110803415.45,26-MAY-2017,10851,INE545A01016
HEIDELBERG,EQ,129,132,126.45,130.15,130,123.9,515965,66380357.25,26-MAY-2017,6499,INE578A01017
HERCULES,EQ,154.4,160.8,153.1,159.25,158.8,152.5,30228,4748812.35,26-MAY-2017,965,INE688E01024
HERITGFOOD,EQ,1104.95,1145,1055.15,1133.4,1145,1107.5,66339,72856362.3,26-MAY-2017,5984,INE978A01019
HEROMOTOCO,EQ,3626.1,3660.1,3605.6,3618.4,3620,3625.85,193039,701897907.85,26-MAY-2017,21195,INE158A01026
HESTERBIO,EQ,840,859.5,831.85,848.85,857,829.5,1188,997608.2,26-MAY-2017,157,INE782E01017
HEXATRADEX,EQ,18.2,20.5,18,19.9,20.35,18,51453,995196,26-MAY-2017,184,INE750M01017
HEXAWARE,EQ,250,256.5,250,252.35,251.85,252.25,524537,132856728.7,26-MAY-2017,12996,INE093A01033
HFCL,EQ,13.1,13.65,13.1,13.55,13.5,13.1,1354737,18207351.35,26-MAY-2017,1916,INE548A01028
HGS,EQ,533,539,527.05,534.5,539,530.5,12085,6435842.2,26-MAY-2017,767,INE170I01016
HIGHGROUND,EQ,25.95,25.95,23.9,25.15,25.15,25.4,320435,7948512.35,26-MAY-2017,919,INE361M01021
HIKAL,EQ,207,210.5,206.05,207.45,207,207.55,24719,5151359.45,26-MAY-2017,1414,INE475B01022
HIL,EQ,759.9,794,750.05,785.25,790,750.4,7977,6178654.1,26-MAY-2017,565,INE557A01011
HILTON,EQ,23,23.4,22.3,22.8,22.8,22.45,9212,210779.85,26-MAY-2017,84,INE788H01017
HIMATSEIDE,EQ,337.05,359,337.05,357,357,337.45,130949,46257776.55,26-MAY-2017,4932,INE049A01027
HINDALCO,EQ,190.7,203.15,189.4,198.4,198.25,190.55,17803837,3533295693.15,26-MAY-2017,88063,INE038A01020
HINDCOMPOS,EQ,688,699.6,668.6,685.3,678,689.25,6962,4754781.55,26-MAY-2017,686,INE310C01029
HINDCOPPER,EQ,63,65.65,62.85,64.65,64.5,62.95,514823,33314911.05,26-MAY-2017,3883,INE531E01026
HINDDORROL,BE,5,5,5,5,5,5.25,20306,101530,26-MAY-2017,29,INE551A01022
HINDMOTORS,EQ,8.25,8.6,8.2,8.45,8.5,8.3,242644,2049988.2,26-MAY-2017,503,INE253A01025
HINDNATGLS,EQ,90.55,92.9,89.85,90,90,89.7,1453,130909.85,26-MAY-2017,44,INE952A01022
HINDOILEXP,EQ,73.4,76.2,73.3,74.95,74.7,74.25,841321,62926641.8,26-MAY-2017,5237,INE345A01011
HINDPETRO,EQ,507.6,572.9,495.55,567.6,569.1,508.8,12661268,6943568457.65,26-MAY-2017,142084,INE094A01015
HINDUJAFO,EQ,35,36.8,34.7,36.3,35.7,34.5,50066,1803350.85,26-MAY-2017,271,INE291F01016
HINDUJAVEN,EQ,470.95,470.95,449,460.95,462.55,458.15,20492,9388395.7,26-MAY-2017,555,INE353A01023
HINDUNILVR,EQ,1042.05,1046.95,1032.4,1040.95,1041,1043.45,716421,745383722.55,26-MAY-2017,26030,INE030A01027
HINDZINC,EQ,233.5,244.15,232.5,241.55,242,234.2,4134938,991772031.2,26-MAY-2017,34532,INE267A01025
HIRECT,EQ,92.8,92.8,89,89.95,90,90.75,6611,597673.85,26-MAY-2017,126,INE835D01023
HISARMETAL,EQ,42,43.5,41.15,41.15,41.15,41.05,1011,42560.15,26-MAY-2017,8,INE598C01011
HITECH,SM,154.9,154.9,147.1,148.05,147.1,150.75,18000,2710425,26-MAY-2017,12,INE106T01017
HITECHCORP,EQ,196.4,207.9,192.05,205.5,207.25,197.55,9261,1898102.65,26-MAY-2017,170,INE120D01012
HITECHGEAR,EQ,315.2,325.8,315.2,320.95,323,314.95,9397,3012440,26-MAY-2017,296,INE127B01011
HMT,BZ,40.95,41,39.65,40,40,39.6,10709,435888,26-MAY-2017,25,INE262A01018
HMVL,EQ,278,278.5,274.4,275.85,277.9,278.9,7752,2146432.05,26-MAY-2017,348,INE871K01015
HNGSNGBEES,EQ,2280.02,2350,2280.02,2350,2350,2350,17,39600.1,26-MAY-2017,7,INF732E01227
HOCL,BE,28.25,29.1,28.2,28.95,28.8,27.75,129920,3768632.95,26-MAY-2017,271,INE048A01011
HONAUT,EQ,10500,11779.85,10226,11294.05,11500,10953.05,4974,54614627.55,26-MAY-2017,1250,INE671A01010
HONDAPOWER,EQ,1368.8,1377.45,1339,1366.75,1375,1364.85,5546,7534015.2,26-MAY-2017,337,INE634A01018
HOTELEELA,EQ,24.75,24.75,22.9,24.05,23.75,24.2,1804424,43135465,26-MAY-2017,4402,INE102A01024
HOVS,EQ,325.9,338.7,320.1,322.35,321.95,323.2,208555,68647005.95,26-MAY-2017,5052,INE596H01014
HPL,EQ,123.2,127.5,123.15,125.55,126.3,122.55,199684,25103780.7,26-MAY-2017,2319,INE495S01016
HSCL,EQ,61.45,61.9,60.6,61.3,61.15,60.4,285490,17517362.45,26-MAY-2017,1395,INE019C01026
HSIL,EQ,337.05,344.6,336.7,340.15,342.1,341.5,89289,30311527.3,26-MAY-2017,5472,INE415A01038
HTMEDIA,EQ,81.95,81.95,80,81.65,81.75,80.95,52382,4253814.7,26-MAY-2017,541,INE501G01024
HUBTOWN,EQ,148.95,151.5,147,147.4,147.25,150.2,211852,31426762.4,26-MAY-2017,920,INE703H01016
HUDCO,EQ,71,73.25,70.55,72.95,73.15,70.75,12062826,869282824.5,26-MAY-2017,48703,INE031A01017
HUDCO,N2,1154,1154,1154,1154,1154,1151.66,3200,3692800,26-MAY-2017,3,INE031A07840
HUDCO,N3,1100,1101,1096,1101,1101,1094,135,148520,26-MAY-2017,8,INE031A07832
HUDCO,N5,1111.63,1111.63,1111.63,1111.63,1111.63,1139,5,5558.15,26-MAY-2017,1,INE031A07865
HUDCO,N6,1150,1150,1124,1149.9,1149.9,1051.76,151,171847.7,26-MAY-2017,5,INE031A07873
HUDCO,N8,1134,1134,1134,1134,1134,1126,1,1134,26-MAY-2017,1,INE031A07AO5
IBREALEST,EQ,159.75,164.5,155.75,163.35,162.9,159.7,11313566,1826664771.7,26-MAY-2017,40437,INE069I01010
IBULHSGFIN,EQ,1051,1090,1048.6,1086.05,1086.55,1045.6,1372600,1465556899.1,26-MAY-2017,51719,INE148I01020
IBULHSGFIN,N8,1000,1014,1000,1000.23,1000,1021.9,575,575070,26-MAY-2017,6,INE148I07GJ7
IBULHSGFIN,NA,1055.9,1055.9,1055.9,1055.9,1055.9,1055.9,7,7391.3,26-MAY-2017,2,INE148I07GL3
IBULHSGFIN,NB,1020,1020,1020,1020,1020,1005,50,51000,26-MAY-2017,1,INE148I07GN9
IBVENTURES,EQ,137.55,142.7,133.75,141.75,142.7,135.95,4594269,640067636.7,26-MAY-2017,14004,INE274G01010
ICICIBANK,EQ,317,323,315.55,321.55,319.1,317.7,19396445,6214477085.5,26-MAY-2017,156335,INE090A01021
ICICIPRULI,EQ,403.95,407.55,398.05,400.2,399.55,399.75,629809,253880221.7,26-MAY-2017,18517,INE726G01019
ICIL,EQ,173.5,177.9,171.8,173.75,174.5,171.55,586046,102405567.65,26-MAY-2017,4259,INE483B01026
ICRA,EQ,4051,4084.8,4030,4059.9,4070,4060.1,2170,8800900.35,26-MAY-2017,350,INE725G01011
ICSA,EQ,2.5,2.75,2.5,2.65,2.65,2.7,9668,25814.35,26-MAY-2017,40,INE306B01029
IDBI,EQ,62.4,63.45,62.05,62.65,62.7,61.7,5662009,354954331.4,26-MAY-2017,18426,INE008A01015
IDBIGOLD,EQ,2689,2689,2633.05,2675,2675,2650.4,49,130077.5,26-MAY-2017,16,INF397L01554
IDEA,EQ,79.1,81.05,79.1,79.75,79.55,79.1,6139195,491382906.35,26-MAY-2017,34117,INE669E01016
IDFC,EQ,57.8,59.6,57.5,59.25,59.45,57.6,4264464,250716809.4,26-MAY-2017,7597,INE043D01016
IDFCBANK,EQ,57.65,58.9,57.4,58.35,58.4,57.4,8481144,492114815.95,26-MAY-2017,38879,INE092T01019
IDFCBANK,N1,5100,5100,5080.01,5080.01,5080.01,5099,10,50920.04,26-MAY-2017,3,INE092T08CC6
IDFCBANK,N2,7988,7988,7988,7988,7988,7986,16,127808,26-MAY-2017,4,INE092T08CD4
IDFCBANK,N4,7465,7524.5,7455,7520,7520,7524.5,14,105017.5,26-MAY-2017,5,INE092T08CF9
IDFCBANK,N5,4953,4980,4953,4980,4980,4985,8,39732,26-MAY-2017,2,INE092T08CG7
IDFCBANK,N6,7731,7731,7731,7731,7731,7731,32,247392,26-MAY-2017,8,INE092T08CH5
IDFCBANK,N8,7770,7770,7770,7770,7770,7770,4,31080,26-MAY-2017,1,INE092T08CJ1
IDFCBANK,N9,5276,5276,5276,5276,5276,5270,2,10552,26-MAY-2017,1,INE092T08CK9
IDFCBANK,NA,7821.1,7870,7821.1,7870,7870,7870,20,157124.8,26-MAY-2017,5,INE092T08CL7
IDFCBANK,NB,5106,5116,5106,5116,5116,5116,70,357736,26-MAY-2017,15,INE092T08CM5
IDFCBANK,NC,7629,7630,7620,7620,7620,7630.01,45,343108,26-MAY-2017,13,INE092T08CN3
IDFNIFTYET,EQ,111.65,111.65,94.75,94.75,94.75,94.55,418,39997.95,26-MAY-2017,4,INF194KA1U07
IFBAGRO,EQ,413.4,416.95,400,404.8,403,407.7,3000,1234505.75,26-MAY-2017,154,INE076C01018
IFBIND,EQ,626,643,626,639.65,640,626.25,18485,11778329.35,26-MAY-2017,2365,INE559A01017
IFCI,EQ,26.15,26.45,25.9,26.1,26.15,26.1,9834827,257213145.1,26-MAY-2017,9290,INE039A01010
IFCI,NJ,1014,1014,1014,1014,1014,1014,108,109512,26-MAY-2017,5,INE039A07827
IFCI,NL,1018,1020,1018,1018,1018.05,1018.01,1511,1538701.09,26-MAY-2017,29,INE039A07843
IFGLREFRAC,EQ,225.25,244,225.25,241.5,241,225.25,24190,5743619.35,26-MAY-2017,767,INE023B01012
IGARASHI,EQ,830,849,830,843.3,842,835.4,11949,10055166.15,26-MAY-2017,636,INE188B01013
IGL,EQ,986,1032.95,985.15,1026.05,1032.95,984.45,555552,565191964.45,26-MAY-2017,16387,INE203G01019
IGPL,EQ,390.95,397.1,386,389.75,387.9,390.8,18234,7143313.55,26-MAY-2017,774,INE204A01010
IIFCL,N2,1140,1140,1140,1140,1140,1149.98,148,168720,26-MAY-2017,1,INE787H07354
IIFCL,N4,1267,1267,1267,1267,1267,1270,300,380100,26-MAY-2017,1,INE787H07370
IIFL,EQ,479.1,496.95,472.25,495.1,495,481.9,102936,50106405.3,26-MAY-2017,6643,INE530B01024
IIFLFIN,N5,1067.98,1067.98,1060,1064,1064,1058.99,195,207329.02,26-MAY-2017,13,INE866I08139
IIFLFIN,N7,1846,1846,1846,1846,1846,1848,235,433810,26-MAY-2017,5,INE866I08154
IIFLFIN,NA,1057,1057,1056.99,1056.99,1056.99,1052.99,21,22196.85,26-MAY-2017,3,INE866I07594
IIHFL,N1,1045,1050,1043.95,1050,1050,1045.08,2757,2881031.45,26-MAY-2017,6,INE477L07040
IIHFL,N2,1080.01,1088,1070,1082,1082,1080,587,634816.62,26-MAY-2017,22,INE477L08014
IITL,EQ,76.95,76.95,76,76.5,76.5,74.55,136,10395,26-MAY-2017,6,INE886A01014
IL&FSENGG,EQ,50.4,50.8,48,50.3,50.7,48.8,48105,2393808.95,26-MAY-2017,431,INE369I01014
IL&FSTRANS,EQ,103.7,106.4,103.7,105.4,105.55,102.7,207508,21770783.35,26-MAY-2017,2137,INE975G01012
IMFA,EQ,417,435.55,415,435.55,435.55,414.85,73672,31746766.05,26-MAY-2017,2225,INE919H01018
IMPAL,EQ,800,813,786.5,805.6,808,805.65,688,550030.9,26-MAY-2017,67,INE547E01014
IMPEXFERRO,EQ,1.55,1.55,1.5,1.5,1.5,1.55,6350,9525.5,26-MAY-2017,13,INE691G01015
INDBANK,EQ,16.45,16.95,16.1,16.5,16.35,16.1,59271,983581.7,26-MAY-2017,295,INE841B01017
INDHOTEL,EQ,137.9,139.3,135.4,137.5,137.5,136.85,175775,24101014.75,26-MAY-2017,2948,INE053A01029
INDIACEM,EQ,198,200.8,194.7,198.85,198.8,197.25,4695382,930335527.8,26-MAY-2017,27261,INE383A01012
INDIAGLYCO,EQ,185,192.5,185,189.05,189.25,184.1,102673,19463962.7,26-MAY-2017,2226,INE560A01015
INDIANB,EQ,334.9,336,323.5,326.05,326.5,331.25,651966,214147877.45,26-MAY-2017,9277,INE562A01011
INDIANCARD,EQ,193.15,197.3,193.15,194.55,194.5,193.1,683,132788.45,26-MAY-2017,44,INE061A01014
INDIANHUME,EQ,415.6,425.9,411.1,423.8,424.9,415.6,25648,10773036.75,26-MAY-2017,927,INE323C01030
INDIGO,EQ,1091,1108,1082.05,1091.85,1089.25,1072.1,235299,258053270,26-MAY-2017,12301,INE646L01027
INDLMETER,EQ,104.9,105.5,100,102.55,102.95,101,12211,1239470.25,26-MAY-2017,75,INE065B01013
INDNIPPON,EQ,609.45,663.6,609.05,612.35,619.6,610.95,9686,5996954.55,26-MAY-2017,789,INE092B01017
INDOCO,EQ,195.95,201.95,188.1,197.6,198,192.35,215117,41458661.75,26-MAY-2017,4984,INE873D01024
INDORAMA,EQ,31.35,31.95,30.95,31.2,30.95,31.1,113777,3583390.55,26-MAY-2017,463,INE156A01020
INDOSOLAR,EQ,10,10.2,9.25,9.65,9.5,10,1574250,15400749.85,26-MAY-2017,2044,INE866K01015
INDOTECH,EQ,205.9,212.5,203,211.1,210.5,199.1,13316,2786021.7,26-MAY-2017,446,INE332H01014
INDOTHAI,EQ,35,38.65,34.5,37.1,37.4,36.4,57153,2052934.25,26-MAY-2017,299,INE337M01013
INDOWIND,EQ,4.6,4.65,4.3,4.65,4.65,4.45,74119,339134.55,26-MAY-2017,79,INE227G01018
INDRAMEDCO,EQ,53.3,54.25,53.1,53.75,53.7,52.95,130821,7020515.25,26-MAY-2017,2789,INE681B01017
INDSWFTLAB,EQ,40.95,40.95,39.1,39.4,39.3,39.75,19806,786613.95,26-MAY-2017,213,INE915B01019
INDSWFTLTD,BE,6.9,7,6.5,6.85,6.85,6.8,7034,47467.1,26-MAY-2017,30,INE788B01028
INDTERRAIN,EQ,194,209.95,183.4,200.65,199.8,191,150334,29483604,26-MAY-2017,1653,INE611L01021
INDUSINDBK,EQ,1458,1484.8,1452.8,1477.7,1481,1461.6,766520,1130005711,26-MAY-2017,29638,INE095A01012
INEOSSTYRO,EQ,722.95,754.95,722.95,744.75,741,722.95,6147,4568969.75,26-MAY-2017,585,INE189B01011
INFIBEAM,EQ,1039,1039.95,984.3,991.25,985.2,1042.05,604013,612900081.1,26-MAY-2017,9199,INE483S01012
INFINITE,EQ,213.45,215.15,209.6,210.1,212.9,213.45,47501,9992917.1,26-MAY-2017,807,INE486J01014
INFOBEAN,SM,70,70,68.5,68.65,68.5,69.55,34000,2361700,26-MAY-2017,17,INE344S01016
INFRABEES,EQ,328.44,331.75,327,331.16,331.16,326.07,416,137482.14,26-MAY-2017,29,INF732E01268
INFRATEL,EQ,370,377.2,366.3,369.95,369.5,373.5,1918463,712610729,26-MAY-2017,43541,INE121J01017
INFY,EQ,987,1000,980.6,995.7,996.05,983.3,2494002,2479193881.9,26-MAY-2017,63671,INE009A01021
INGERRAND,EQ,803.55,815,795.85,799.2,800,794.5,9588,7713761.05,26-MAY-2017,825,INE177A01018
INOXLEISUR,EQ,291.5,294.9,289.85,293.15,294.5,290.3,73143,21421535.15,26-MAY-2017,3305,INE312H01016
INOXWIND,EQ,135.05,143.65,135.05,140.85,141.95,135.65,665646,93740923.15,26-MAY-2017,7333,INE066P01011
INSECTICID,EQ,596.9,627,591,617.8,616.1,598.05,22111,13506100.35,26-MAY-2017,1176,INE070I01018
INTELLECT,EQ,119.9,121.85,117.5,121.3,121.15,118.95,403866,48547365.75,26-MAY-2017,4377,INE306R01017
INTENTECH,EQ,118,127.6,113.5,121.45,123,116,76011,9126589.6,26-MAY-2017,1078,INE781A01025
INVENTURE,EQ,12.5,12.8,12.5,12.75,12.7,12.45,172455,2174115.45,26-MAY-2017,130,INE878H01016
IOB,EQ,25.5,26.15,25.45,25.9,25.75,25.75,1071570,27804368.5,26-MAY-2017,2701,INE565A01014
IOC,EQ,429,433.5,416,426.05,425.9,438.95,8573880,3620764079.9,26-MAY-2017,106678,INE242A01010
IOLCP,EQ,55.1,60.9,55,60.9,60.9,55.4,157097,9373426.95,26-MAY-2017,1085,INE485C01011
IPAPPM,EQ,308.5,317.9,307,309.8,309.45,307.5,44589,13886440.7,26-MAY-2017,1174,INE435A01028
IPCALAB,EQ,493,509.7,487.25,501.9,503,489.2,146994,72528174,26-MAY-2017,5423,INE571A01020
IRB,EQ,224.1,229.45,223.85,226.9,226,224.65,1164060,264270281.05,26-MAY-2017,10763,INE821I01014
IRBINVIT,IV,100.99,101.5,100.9,100.95,101.03,100.99,1205000,121788800,26-MAY-2017,185,INE183W23014
IREDA,N2,1208,1208,1208,1208,1208,1208,50,60400,26-MAY-2017,2,INE202E07120
IREDA,N6,1270,1280,1270,1280,1280,1260.25,1300,1658500,26-MAY-2017,3,INE202E07153
IREDA,N7,1119.81,1119.81,1119.81,1119.81,1119.81,1118.6,279,312426.99,26-MAY-2017,2,INE202E07229
IRFC,N1,1124.98,1124.98,1121,1123.79,1121,1124.98,285,320297.65,26-MAY-2017,6,INE053F07520
IRFC,N2,1186.5,1186.5,1176.31,1176.54,1176.31,1186.5,1230,1450835,26-MAY-2017,4,INE053F07538
IRFC,ND,1229,1229,1229,1229,1229,1229,100,122900,26-MAY-2017,1,INE053F07736
IRFC,NE,1236,1236,1236,1236,1236,1234,35,43260,26-MAY-2017,1,INE053F07744
IRFC,NG,1011.6,1011.6,1011.6,1011.6,1011.6,1115.05,1,1011.6,26-MAY-2017,1,INE053F07801
IRFC,NI,1090,1090,1089.5,1089.91,1089.5,1090,24,26158,26-MAY-2017,2,INE053F07827
IRFC,NJ,1140,1140,1140,1140,1140,1146.84,10,11400,26-MAY-2017,2,INE053F07835
IRFC,NK,1160.9,1165,1160,1161.4,1160,1156,2862,3323025.16,26-MAY-2017,17,INE053F07843
IRFC,NO,1158.85,1160.99,1158.85,1159.52,1160.99,1157,1010,1171118.23,26-MAY-2017,19,INE053F07900
ISFT,EQ,336,338,331.8,334.75,335,336.2,9705,3253450.15,26-MAY-2017,159,INE566K01011
ISMTLTD,EQ,11,12.3,11,11.65,11.6,11.05,105276,1226582.5,26-MAY-2017,316,INE732F01019
ITC,EQ,302,313.8,299.55,309.1,306.1,300.05,21742467,6641979713.7,26-MAY-2017,155758,INE154A01025
ITDC,EQ,508,517,498,511.05,512,508.15,30179,15401160,26-MAY-2017,1226,INE353K01014
ITDCEM,EQ,177,182.6,176,180.95,180.55,177.35,70306,12573679.95,26-MAY-2017,1549,INE686A01026
ITI,EQ,73,76.05,72.15,76.05,76.05,72.45,723195,53819308.2,26-MAY-2017,5129,INE248A01017
IVC,EQ,16.3,17.15,16,16.7,16.7,16.05,825755,13688831.6,26-MAY-2017,1257,INE050B01023
IVP,EQ,142.95,147.5,140.1,145.2,146,140.35,9659,1389140.75,26-MAY-2017,295,INE043C01018
IVRCLINFRA,EQ,4.45,4.6,4.45,4.5,4.5,4.45,284965,1294324.8,26-MAY-2017,319,INE875A01025
IVZINGOLD,EQ,2700,2700,2700,2700,2700,2700,3,8100,26-MAY-2017,1,INF205K01361
IZMO,EQ,53.5,54.75,53.15,53.4,53.55,53.3,42542,2288934.15,26-MAY-2017,349,INE848A01014
J&KBANK,EQ,79.25,84.9,79.25,84.3,84.55,80.05,422334,35135294.2,26-MAY-2017,11914,INE168A01041
JAGRAN,EQ,175.2,183,175.2,179.35,179.8,177.8,102797,18500566.85,26-MAY-2017,761,INE199G01027
JAGSNPHARM,EQ,40.75,41.45,39.3,40.4,40.3,39.65,22745,929664.6,26-MAY-2017,311,INE048B01027
JAIBALAJI,EQ,16.9,17.95,16.8,17.85,17.6,17.1,16929,297691.3,26-MAY-2017,83,INE091G01018
JAICORPLTD,EQ,76.15,79.25,75.35,78.75,78.7,76.15,662505,51557936.05,26-MAY-2017,5103,INE070D01027
JAIHINDPRO,EQ,5.7,5.7,5.7,5.7,5.7,5.7,460,2622,26-MAY-2017,2,INE343D01010
JAINSTUDIO,BE,4.6,5,4.6,5,5,4.8,2050,10160,26-MAY-2017,4,INE486B01011
JAMNAAUTO,EQ,230.15,240.95,230.15,239.55,239.95,231.05,141488,33599696.85,26-MAY-2017,4439,INE039C01024
JAYAGROGN,EQ,909.95,937,909.95,931.1,935,901.8,31211,29063899.85,26-MAY-2017,1760,INE785A01026
JAYBARMARU,EQ,588.7,599.9,581.3,584.5,582,579.8,25764,15247962.85,26-MAY-2017,1662,INE571B01028
JAYNECOIND,EQ,10.4,10.85,10.3,10.55,10.3,10.5,163542,1744378.4,26-MAY-2017,446,INE854B01010
JAYSREETEA,EQ,96,98.95,95.85,98.25,98.7,96.75,44636,4386218.9,26-MAY-2017,744,INE364A01020
JBCHEPHARM,EQ,330.9,336.25,326,333.7,332.3,330,84127,28019707.4,26-MAY-2017,2477,INE572A01028
JBFIND,EQ,266.4,280,265.1,274.15,273,266.3,75856,20802863.2,26-MAY-2017,2749,INE187A01017
JBMA,EQ,279.7,285,277.55,284.3,284.1,277.45,76325,21594010,26-MAY-2017,1234,INE927D01028
JCHAC,EQ,1930,1960,1861.85,1930.8,1935,1904.8,11169,21409603.05,26-MAY-2017,1991,INE782A01015
JENSONICOL,BE,8.7,9.35,8.6,9,9.1,9,22233,195933.6,26-MAY-2017,84,INE819B01021
JETAIRWAYS,EQ,477.7,491.75,475.1,483.4,483.75,468.95,2668448,1292044525.35,26-MAY-2017,29370,INE802G01018
JETFREIGHT,SM,70.7,70.7,68.2,68.2,68.2,68.3,8000,555600,26-MAY-2017,2,INE982V01017
JHS,BE,53.5,54,53,54,54,51.45,202263,10876749.45,26-MAY-2017,688,INE544H01014
JINDALPHOT,BE,77.7,82.95,77.7,82.3,82.45,79.3,5811,470624.4,26-MAY-2017,80,INE796G01012
JINDALPOLY,EQ,380,385,368.25,371.15,370.1,380.1,148787,55677473.7,26-MAY-2017,3917,INE197D01010
JINDALSAW,EQ,76.25,79.2,76.25,78.85,79,76,511486,39937408.65,26-MAY-2017,3534,INE324A01024
JINDALSTEL,EQ,119,125.75,119,125,124.9,118.5,18661412,2295108131.9,26-MAY-2017,77863,INE749A01030
JINDCOT,EQ,12.5,12.9,11.9,12.25,12.45,12.45,91807,1136172.25,26-MAY-2017,151,INE904J01016
JINDRILL,EQ,158.95,162.35,158.1,161,161.65,158.8,30439,4879756.25,26-MAY-2017,489,INE742C01031
JINDWORLD,EQ,397.5,414,388.6,403.7,404,389.35,5187,2089885.65,26-MAY-2017,419,INE247D01013
JISLDVREQS,EQ,64.15,65.9,63.35,65.55,65.5,63.6,135561,8786746,26-MAY-2017,1149,IN9175A01010
JISLJALEQS,EQ,97,99.9,96.95,98.7,98.7,96.55,9333898,917933878.05,26-MAY-2017,27130,INE175A01038
JITFINFRA,BE,54,56.55,53.5,56.55,56.55,53.9,7384,412601.5,26-MAY-2017,123,INE863T01013
JKCEMENT,EQ,1098.95,1108.9,1085,1098.8,1090.5,1097.1,17167,18818745.9,26-MAY-2017,960,INE823G01014
JKIL,EQ,289.5,309.8,287.65,305.55,306.5,288.75,150644,45108216,26-MAY-2017,3677,INE576I01022
JKLAKSHMI,EQ,479.5,486,473,481.15,481,478.05,59289,28455901.1,26-MAY-2017,2027,INE786A01032
JKPAPER,EQ,108.95,110.8,108,109.05,109,109.2,416884,45685448.1,26-MAY-2017,3822,INE789E01012
JKTYRE,EQ,169.8,172.4,166,166.55,166.5,170.3,1870233,315663648.25,26-MAY-2017,19480,INE573A01042
JMA,EQ,230,264.95,230,253,252.1,230.45,8436,2150301.65,26-MAY-2017,229,INE412C01015
JMCPROJECT,EQ,266.1,279.65,264.45,273.45,277,265.5,19614,5333840.85,26-MAY-2017,733,INE890A01016
JMFINANCIL,EQ,119,131.8,118.15,129.8,128.95,117.8,3673528,465920388.6,26-MAY-2017,32986,INE780C01023
JMTAUTOLTD,EQ,7.35,7.85,7.2,7.6,7.55,7.35,371393,2806975.15,26-MAY-2017,634,INE988E01036
JOCIL,EQ,162.5,164.85,160,160.75,160.5,162,6805,1096498.2,26-MAY-2017,101,INE839G01010
JPASSOCIAT,EQ,12,13.15,11.05,12.65,12.6,11.5,148164830,1843915291.8,26-MAY-2017,62929,INE455F01025
JPINFRATEC,EQ,12.1,13,11.75,12.25,12.2,11.9,3676388,45408656,26-MAY-2017,3748,INE099J01015
JPOLYINVST,EQ,83.05,87.95,83.05,84.55,84.5,83.7,2409,205719.3,26-MAY-2017,51,INE147P01019
JPPOWER,EQ,4.35,4.6,4.2,4.45,4.5,4.25,5269235,23302517.1,26-MAY-2017,1959,INE351F01018
JSL,EQ,71,73.5,71,72.5,72.65,70.6,239827,17415213.55,26-MAY-2017,1901,INE220G01021
JSLHISAR,EQ,128.8,134.5,127.5,130.25,130,127.55,155893,20401964.9,26-MAY-2017,2078,INE455T01018
JSWENERGY,EQ,63.85,65.7,63.5,64.55,64.5,63.65,6298375,406290607.3,26-MAY-2017,17577,INE121E01018
JSWHL,EQ,1676.75,1742,1653.75,1729.1,1733.45,1670.7,7080,12193020.4,26-MAY-2017,1219,INE824G01012
JSWSTEEL,EQ,192.65,202.9,191.8,198.85,198.6,192.85,12767707,2549041651.85,26-MAY-2017,51532,INE019A01038
JSWSTEEL,P2,8.25,8.3,8.25,8.25,8.25,8.25,27829,229707.25,26-MAY-2017,37,INE019A04024
JUBILANT,EQ,711,722,705.3,709.1,707.15,709.9,423653,302206535.3,26-MAY-2017,13086,INE700A01033
JUBLFOOD,EQ,1024,1035,982.5,992.7,993.95,1014.95,391221,396385702.95,26-MAY-2017,17661,INE797F01012
JUBLINDS,EQ,271.9,280.95,266.8,270.8,270.7,271.6,33356,9122147,26-MAY-2017,1461,INE645L01011
JUNIORBEES,EQ,258,264.2,258,263.44,264,257.72,9675,2534142.15,26-MAY-2017,226,INF732E01045
JUSTDIAL,EQ,467.85,476.45,455,460.4,460.85,470.35,1447257,670982686.85,26-MAY-2017,21289,INE599M01018
JVLAGRO,EQ,19.3,19.75,19.1,19.25,19.2,19.4,39684,771944.4,26-MAY-2017,191,INE430G01026
JYOTHYLAB,EQ,369.2,376.3,367.7,370.05,369.6,369.1,26080,9686022.5,26-MAY-2017,2416,INE668F01031
JYOTISTRUC,EQ,8.65,9.25,8.6,9.1,9.15,8.65,409145,3687747.15,26-MAY-2017,620,INE197A01024
KABRAEXTRU,EQ,111.8,114.8,111.8,112.8,113,112.2,6575,741627.5,26-MAY-2017,68,INE900B01029
KAJARIACER,EQ,702,716.2,677.1,684.35,683,696.05,453789,315829330.4,26-MAY-2017,13536,INE217B01036
KAKATCEM,EQ,398.9,416.9,396,404.8,403.6,394.95,58364,23844198.9,26-MAY-2017,2133,INE437B01014
KALPATPOWR,EQ,345.55,348.8,336.8,341.25,341,344.4,54830,18687398.25,26-MAY-2017,1840,INE220B01022
KALYANIFRG,BE,300,300,285,290,290,288.8,2967,862781.4,26-MAY-2017,48,INE314G01014
KAMATHOTEL,EQ,49.95,55.4,49.9,53.15,53.5,49.7,1153233,61066911.5,26-MAY-2017,5638,INE967C01018
KAMDHENU,EQ,106,109.9,105.85,108.5,108.15,106.4,54515,5873405.45,26-MAY-2017,663,INE390H01012
KANANIIND,EQ,13.15,13.15,12.6,12.9,12.9,12.95,20223,261727.75,26-MAY-2017,105,INE879E01037
KANORICHEM,EQ,69.95,72.4,69.95,71,70.7,70.1,36547,2602233.55,26-MAY-2017,450,INE138C01024
KANSAINER,EQ,399,411,399,408.3,405.25,398.05,202879,82538287.9,26-MAY-2017,5109,INE531A01024
KARMAENG,EQ,40.8,42.5,38.75,41.7,40.8,38.65,11165,463064.8,26-MAY-2017,75,INE725L01011
KARURVYSYA,EQ,117.8,118.7,116.9,117.95,118,117.3,1431066,168514872.8,26-MAY-2017,11151,INE036D01028
KAUSHALYA,EQ,2.95,2.95,2.8,2.85,2.85,2.95,110323,313719.1,26-MAY-2017,110,INE234I01010
KAVVERITEL,EQ,11.5,12,11.5,11.75,11.65,11.95,967,11329.7,26-MAY-2017,16,INE641C01019
KAYA,EQ,1028,1086,1020,1071.9,1070,1020.65,35103,37388742.65,26-MAY-2017,2661,INE587G01015
KCP,EQ,104.9,112.4,104.15,111.9,112.3,104.2,349505,38274110.7,26-MAY-2017,3005,INE805C01028
KCPSUGIND,EQ,32.45,33.45,32.1,33.05,33.25,32.65,149472,4885625.15,26-MAY-2017,770,INE790B01024
KDDL,EQ,195.05,209.9,195.05,207,209.9,206,6818,1400347.2,26-MAY-2017,136,INE291D01011
KEC,EQ,252,257.35,251,254.35,253.75,251.85,708528,180554995.35,26-MAY-2017,14671,INE389H01022
KECL,EQ,43,44.75,42.75,44,43.6,43.25,236874,10426504,26-MAY-2017,1430,INE134B01017
KEI,EQ,201.6,207.5,200.45,202.35,203.25,201.25,208796,42686047.15,26-MAY-2017,3587,INE878B01027
KELLTONTEC,EQ,118.95,120,118,118.8,118,117.85,46587,5554817.15,26-MAY-2017,992,INE164B01022
KERNEX,BE,42.65,42.65,41.05,42.65,42.65,40.65,16543,703618.35,26-MAY-2017,68,INE202H01019
KESARENT,EQ,116.6,121.9,111.2,121.9,121.9,110.85,769078,91076309.1,26-MAY-2017,9640,INE133B01019
KESORAMIND,EQ,142,144.3,141,143.7,143.4,140.9,206195,29521763.25,26-MAY-2017,3147,INE087A01019
KEYCORPSER,EQ,43.2,43.65,43.2,43.65,43.65,41.6,200,8685,26-MAY-2017,2,INE681C01015
KGL,EQ,1.2,1.3,1.1,1.2,1.25,1.15,3390562,4058993.85,26-MAY-2017,340,INE299C01024
KHAITANELE,BE,26.05,26.35,26,26.1,26.3,26,1482,38611.6,26-MAY-2017,12,INE761A01019
KHAITANLTD,BE,18.4,18.4,18.4,18.4,18.4,18.95,3,55.2,26-MAY-2017,1,INE731C01018
KHANDSE,EQ,15.65,15.65,15.65,15.65,15.65,15.85,100,1565,26-MAY-2017,1,INE060B01014
KICL,EQ,1810.6,1843,1805,1830.8,1832,1827.35,803,1467822.45,26-MAY-2017,165,INE029L01018
KILITCH,BE,56.75,59.2,56.7,59.15,59,56.4,6308,371921.95,26-MAY-2017,48,INE729D01010
KINGFA,EQ,756,764.9,700.95,715.5,710,756.45,15073,10944220.15,26-MAY-2017,907,INE473D01015
KIOCL,EQ,41.5,41.5,41.5,41.5,41.5,39.55,1,41.5,26-MAY-2017,1,INE880L01014
KIRIINDUS,EQ,285,294.45,273,276.5,277,262.7,625800,177248184.6,26-MAY-2017,12639,INE415I01015
KIRLOSBROS,EQ,253.5,257.5,251.8,255.45,254.1,253.9,21626,5518634.8,26-MAY-2017,559,INE732A01036
KIRLOSENG,EQ,387.5,388.2,371.35,383.5,384,380.35,11871,4508561.3,26-MAY-2017,810,INE146L01010
KIRLOSIND,EQ,1148.05,1244.45,1148,1159,1150,1146.95,665,776226.55,26-MAY-2017,124,INE250A01039
KITEX,EQ,388.8,395,388.5,391.5,392.2,388.8,19956,7816513.65,26-MAY-2017,1204,INE602G01020
KKCL,EQ,1757.75,1757.8,1711.85,1713.4,1713.4,1712.75,147,252331.5,26-MAY-2017,24,INE401H01017
KMSUGAR,EQ,22.85,23.25,22.1,22.2,22.2,22.5,428185,9730299.5,26-MAY-2017,1278,INE157H01023
KNRCON,EQ,200.05,202.35,198.5,200.7,201.8,199.55,11582,2323010.65,26-MAY-2017,326,INE634I01029
KOHINOOR,EQ,80.5,83.9,80.5,82.7,82.55,81.8,246651,20423044.25,26-MAY-2017,2336,INE080B01012
KOKUYOCMLN,EQ,94,95.15,92.3,92.6,93,94.4,77739,7262121.35,26-MAY-2017,479,INE760A01029
KOLTEPATIL,EQ,158.45,168.5,156.25,166.45,166.95,158.4,168177,27644695.55,26-MAY-2017,5206,INE094I01018
KOPRAN,EQ,85.5,87.9,84.6,86.05,85.95,84.9,511752,44130780.4,26-MAY-2017,2713,INE082A01010
KOTAKBANK,EQ,960,969.55,952.5,965.05,962,956.5,1633378,1574286006.25,26-MAY-2017,58131,INE237A01028
KOTAKBKETF,EQ,235.36,236.46,232.55,236.46,236.46,233.57,141563,33173619.93,26-MAY-2017,207,INF174K01F59
KOTAKGOLD,EQ,255.2,256.35,255,256,256,256.1,14799,3780009.3,26-MAY-2017,184,INF373I01049
KOTAKNIFTY,EQ,953.84,958.8,950.17,957.69,956.6,950.46,8735,8356604.06,26-MAY-2017,142,INF174K01518
KOTAKNV20,EQ,48.2,48.2,48,48.03,48,40.73,290,13930,26-MAY-2017,6,INF174K01Z71
KOTAKPSUBK,EQ,354,358,352,354.13,353,354.38,842,298600.81,26-MAY-2017,50,INF373I01023
KOTARISUG,EQ,13.2,13.4,13.2,13.2,13.2,13.2,30862,409160.8,26-MAY-2017,107,INE419A01022
KOTHARIPET,EQ,25.5,26.9,23.25,25.5,25.75,25.2,57812,1468673.05,26-MAY-2017,254,INE720A01015
KOTHARIPRO,EQ,200.7,204,199.05,200.85,200,199.45,16153,3239736.9,26-MAY-2017,358,INE823A01017
KPIT,EQ,118.5,121,117.65,118.9,118.95,117.55,422221,50272338.45,26-MAY-2017,4679,INE836A01035
KPRMILL,EQ,737.95,768,732.8,756.75,751,733.95,15865,11898650.85,26-MAY-2017,1119,INE930H01023
KRBL,EQ,402,421.05,402,419.6,421,403.65,89454,36962954.8,26-MAY-2017,2819,INE001B01026
KREBSBIO,BE,96.85,96.85,93,96.85,96.85,92.25,857,81438.85,26-MAY-2017,9,INE268B01013
KRIDHANINF,BE,62.8,63,61,61.9,62.25,60.95,15554,973311.95,26-MAY-2017,57,INE524L01026
KRISHANA,SM,35.4,35.4,35,35,35,35.3,8000,281600,26-MAY-2017,2,INE506W01012
KSBPUMPS,EQ,670.85,685,667.25,679.4,677,667.55,7818,5275283.55,26-MAY-2017,540,INE999A01015
KSCL,EQ,530,581.25,529.1,571.7,573.65,525.2,1909747,1076699295.6,26-MAY-2017,29573,INE455I01029
KSERASERA,BE,0.15,0.15,0.1,0.1,0.15,0.15,73930,10361.7,26-MAY-2017,21,INE216D01026
KSK,BE,10.45,10.55,10,10.55,10.55,10.05,539814,5643251.55,26-MAY-2017,502,INE143H01015
KSL,EQ,420.7,427,417,418.8,418.25,416.8,217134,91584164.15,26-MAY-2017,5605,INE907A01026
KTIL,EQ,190.4,201.05,190.4,197.15,197,189.75,15022,2955778.75,26-MAY-2017,417,INE096L01025
KTKBANK,EQ,159.5,168.35,158.4,167.3,168.15,159.05,3491426,573147030,26-MAY-2017,20215,INE614B01018
KWALITY,EQ,136.5,143.5,136.15,139.3,139,135.4,476119,66631153.6,26-MAY-2017,6985,INE775B01025
L&TFH,EQ,128.95,131.65,128.15,130.85,130.9,128.7,2544985,330416415.75,26-MAY-2017,15002,INE498L01015
L&TFINANCE,N4,1058,1058,1055,1055.03,1055,1058,2359,2489885,26-MAY-2017,44,INE523E07459
L&TINFRA,N1,1000,1000,1000,1000,1000,1000,20,20000,26-MAY-2017,1,INE691I07166
L&TINFRA,N2,1564,1573,1564,1573,1573,1573.7,225,353193.5,26-MAY-2017,9,INE691I07174
L&TINFRA,N3,970,985,965.07,976.74,975.24,977.01,170,165527.5,26-MAY-2017,14,INE691I07182
L&TINFRA,N4,1511,1520,1511,1520,1520,1512.02,245,370905,26-MAY-2017,17,INE691I07190
L&TINFRA,N5,999,999,993,999,999,993.86,180,179200.1,26-MAY-2017,13,INE691I07224
L&TINFRA,N6,1602,1612,1602,1608.04,1608,1608.42,439,705553.37,26-MAY-2017,35,INE691I07232
LAKPRE,EQ,40.1,41.2,39,40.5,40.5,39.5,1221,49198.45,26-MAY-2017,14,INE651C01018
LAKSHMIEFL,EQ,46.9,48.3,46.2,47.65,47.85,46.6,189170,9000889.95,26-MAY-2017,1213,INE992B01026
LAKSHVILAS,EQ,183.5,184,180.5,182.9,182,183.6,464206,84846958.8,26-MAY-2017,5311,INE694C01018
LALPATHLAB,EQ,903.45,907.9,880,893.7,888,898.25,75168,67562251,26-MAY-2017,7428,INE600L01024
LAMBODHARA,EQ,74.75,75.4,73.75,74.5,74.3,74.35,10766,803873.55,26-MAY-2017,185,INE112F01022
LAOPALA,EQ,529.45,530,521.55,527.2,529,524.9,4599,2415605.8,26-MAY-2017,447,INE059D01020
LAURUSLABS,EQ,551.95,558.55,544.05,555.9,556,549.05,59700,33127139.95,26-MAY-2017,3567,INE947Q01010
LAXMICOT,SM,18,18,18,18,18,17.55,24000,432000,26-MAY-2017,2,INE801V01019
LAXMIMACH,EQ,4377.4,4588.95,4377.4,4499.05,4500,4405.8,5362,24143770.25,26-MAY-2017,1355,INE269B01029
LCCINFOTEC,BE,0.3,0.3,0.25,0.25,0.3,0.25,35120,9296,26-MAY-2017,28,INE938A01021
LFIC,BE,95,95,95,95,95,90.5,1150,109250,26-MAY-2017,10,INE850E01012
LGBBROSLTD,EQ,710,716,697.2,699.45,698,698.3,22716,16001484.15,26-MAY-2017,1039,INE337A01034
LGBFORGE,BE,5.1,5.1,4.95,4.95,4.95,5.2,2000,10082,26-MAY-2017,8,INE201J01017
LIBERTSHOE,EQ,167.1,169.75,165.25,167.95,167.95,168.15,64716,10862144,26-MAY-2017,1451,INE557B01019
LICHSGFIN,EQ,686,708.8,685.8,704.95,704.8,687.25,1656670,1154120116.45,26-MAY-2017,45815,INE115A01026
LICNETFGSC,EQ,16.35,16.65,16.26,16.32,16.32,16.6,25325,413376.87,26-MAY-2017,16,INF767K01MV5
LICNETFN50,EQ,95.2,96.3,95.2,96.3,96.3,96.15,6,572.3,26-MAY-2017,2,INF767K01OS7
LICNFNHGP,EQ,87.27,104.45,87.27,87.27,87.27,87.27,236,21454.72,26-MAY-2017,24,INF767K01PC8
LINCOLN,EQ,202,202.5,198.25,200.1,200.9,201.1,48722,9753475.75,26-MAY-2017,960,INE405C01035
LINCPEN,EQ,265,272.9,258.1,269.25,272.9,259.6,3958,1046550.85,26-MAY-2017,182,INE802B01019
LINDEINDIA,EQ,448.9,451,433.5,438.65,437,443.45,23785,10567553.3,26-MAY-2017,1404,INE473A01011
LIQUIDBEES,EQ,1000,1000.01,999.99,999.99,1000,999.99,1462907,1462909052.67,26-MAY-2017,10118,INF732E01037
LITL,EQ,2.8,2.95,2.8,2.95,2.9,2.85,2055359,5977938.5,26-MAY-2017,698,INE785C01048
LLOYDELENG,EQ,228,239.55,228,238.05,239.5,227.75,204597,48422862.6,26-MAY-2017,3753,INE245C01019
LML,EQ,10.8,11.35,10.7,11.1,11.05,10.7,234681,2576599,26-MAY-2017,611,INE862A01015
LOKESHMACH,EQ,87.6,90.9,87.45,87.85,87.9,87.55,31624,2805291.55,26-MAY-2017,379,INE397H01017
LOTUSEYE,EQ,31.45,31.5,30.15,30.3,30.65,30.95,19121,585671.85,26-MAY-2017,125,INE947I01017
LOVABLE,EQ,233.5,241.9,232.65,239.2,241.65,232.55,29449,6995900.5,26-MAY-2017,1846,INE597L01014
LPDC,EQ,3.35,3.45,3.3,3.35,3.4,3.4,13726,46340.75,26-MAY-2017,45,INE197J01017
LSIL,EQ,1.9,1.95,1.85,1.9,1.9,1.9,97017,182828.7,26-MAY-2017,65,INE093R01011
LT,EQ,1770,1799,1753.85,1787.6,1784.1,1768.85,2044054,3638198841,26-MAY-2017,71833,INE018A01030
LTI,EQ,790,799,787.1,796.35,795,788.4,61208,48745498.75,26-MAY-2017,6590,INE214T01019
LTTS,EQ,744.7,754.95,737.55,748.5,746,737.55,37289,27801147.25,26-MAY-2017,3213,INE010V01017
LUMAXIND,EQ,1385.05,1422.9,1385.05,1414.8,1419.75,1380.9,3140,4429101.55,26-MAY-2017,318,INE162B01018
LUMAXTECH,EQ,471.05,500.55,468.5,483.75,483.55,465.95,14544,7084792.65,26-MAY-2017,760,INE872H01019
LUPIN,EQ,1131,1163,1100,1112.55,1112,1140.2,3585744,4037206186.55,26-MAY-2017,108359,INE326A01037
LUXIND,EQ,820,828.95,800,811.45,810,807.3,43671,35565248.75,26-MAY-2017,1944,INE150G01020
LYCOS,BE,6.5,6.75,6.4,6.75,6.75,6.45,214407,1418865.75,26-MAY-2017,230,INE425B01027
LYKALABS,EQ,49.8,52.5,49.5,51.25,51.15,49.15,77171,3957291.25,26-MAY-2017,660,INE933A01014
LYPSAGEMS,EQ,63.45,67.7,63.45,65.3,64.95,62.95,208739,13716785.7,26-MAY-2017,2050,INE142K01011
M&M,EQ,1334,1348.9,1327.5,1340.85,1341,1327.5,335223,448919973.95,26-MAY-2017,16125,INE101A01026
M&MFIN,EQ,301.9,316.1,300,313,312.55,302.75,2132982,662470916.6,26-MAY-2017,20090,INE774D01024
M&MFIN,N1,1020,1020,1020,1020,1020,1049,100,102000,26-MAY-2017,1,INE774D08LU6
M100,EQ,18.18,18.25,18.1,18.24,18.25,18.05,11116,201913.13,26-MAY-2017,63,INF247L01023
M50,EQ,90.17,90.5,88.9,90.47,89.65,90.17,5536,498963.25,26-MAY-2017,39,INF247L01536
MAANALU,EQ,124.95,136.65,123.2,135.15,136.65,124.25,14049,1871967.55,26-MAY-2017,281,INE215I01019
MADHAV,EQ,62,66,62,63.45,63,61.75,15043,968713.45,26-MAY-2017,224,INE925C01016
MADHUCON,EQ,51.5,53.6,51.3,51.8,51.65,51.25,296594,15505307.95,26-MAY-2017,1543,INE378D01032
MADRASFERT,BE,23.75,23.75,22.7,23.65,23.35,22.65,21500,500568.6,26-MAY-2017,102,INE414A01015
MAGMA,EQ,122.2,125.5,121.3,124.95,123.9,122.65,78762,9773509.1,26-MAY-2017,765,INE511C01022
MAGNUM,EQ,3.35,3.5,3.25,3.4,3.35,3.4,17000,57410,26-MAY-2017,24,INE387I01016
MAHABANK,EQ,30.7,31.5,30.2,31.3,31.5,30.4,161723,5010524.45,26-MAY-2017,1068,INE457A01014
MAHASTEEL,EQ,74.3,79,74,75.85,75.95,74.3,109154,8384898.75,26-MAY-2017,1409,INE451L01014
MAHESHWARI,SM,96.65,96.65,96.65,96.65,96.65,96.65,2000,193300,26-MAY-2017,1,INE263W01010
MAHINDCIE,EQ,239.9,245.6,239.6,244.15,245,239.25,186877,45063542.95,26-MAY-2017,3573,INE536H01010
MAHLIFE,EQ,432.7,437.9,426.9,433.3,430.3,426.55,24731,10687089.8,26-MAY-2017,820,INE813A01018
MAHSCOOTER,EQ,1953.05,1960,1935.1,1945.1,1945,1926.85,2475,4815011.65,26-MAY-2017,121,INE288A01013
MAHSEAMLES,EQ,344.7,363.3,344.65,351.35,348,341.1,219980,77896480.4,26-MAY-2017,3666,INE271B01025
MAITHANALL,EQ,423,435.8,421.65,427.35,426,425.35,55072,23664933.5,26-MAY-2017,1693,INE683C01011
MAJESCO,EQ,317.65,331,316.25,326.6,326,319.8,55389,18015332.7,26-MAY-2017,2504,INE898S01029
MALUPAPER,EQ,28.4,28.6,26,26.45,26.5,27.25,46576,1251671.95,26-MAY-2017,216,INE383H01017
MALWACOTT,BE,6.7,7.2,6.7,7.2,7.2,7.05,655,4651,26-MAY-2017,3,INE272B01015
MANAKALUCO,BE,5.9,6.2,5.9,6.2,6.2,6,2251,13679.2,26-MAY-2017,10,INE859Q01017
MANAKCOAT,EQ,8.35,9.2,8.35,9,9.2,8.85,40634,355859.7,26-MAY-2017,60,INE830Q01018
MANAKINDST,BE,36.85,38.65,35.5,38.65,38.65,36.85,7580,281825.55,26-MAY-2017,43,INE831Q01016
MANAKSIA,EQ,67.75,69,66.55,67.45,67.75,67.5,6970,470011.85,26-MAY-2017,139,INE015D01022
MANAKSTEEL,EQ,18.55,19.45,17.1,18.45,18.35,18.75,52105,961568.55,26-MAY-2017,188,INE824Q01011
MANALIPETC,EQ,36.05,37.35,36.05,36.8,36.8,36.05,344547,12670050.5,26-MAY-2017,2050,INE201A01024
MANAPPURAM,EQ,92.55,94.55,90.4,91.05,90.9,88.75,8257886,762891730.75,26-MAY-2017,43313,INE522D01027
MANDHANA,EQ,17.8,17.8,16.8,17.05,17.25,17.25,175386,3024864.75,26-MAY-2017,708,INE087J01010
MANGALAM,EQ,178.8,182.45,175,175.45,176.4,177.75,112198,19991461.35,26-MAY-2017,2238,INE584F01014
MANGCHEFER,EQ,67.25,69.75,66.85,67.95,67.2,65.8,24768,1690111.75,26-MAY-2017,390,INE558B01017
MANGLMCEM,EQ,350.95,350.95,338.5,343.15,344.85,342.8,12054,4130630.05,26-MAY-2017,474,INE347A01017
MANGTIMBER,EQ,28.55,29,28.5,28.65,28.55,28.55,18992,544685.05,26-MAY-2017,117,INE805B01012
MANINDS,EQ,51.2,53.4,51.2,52.95,53,50.7,689992,36238035.8,26-MAY-2017,2651,INE993A01026
MANINFRA,EQ,54,56.45,53.6,55.4,56.25,53.6,860878,46981008.2,26-MAY-2017,2748,INE949H01023
MANPASAND,EQ,786,859,770.5,845.75,855.15,780.25,327582,269607793.15,26-MAY-2017,9717,INE122R01018
MANUGRAPH,EQ,54.9,55.75,51.9,53.9,53.9,54.1,173838,9393987.65,26-MAY-2017,900,INE867A01022
MARALOVER,EQ,43.35,47.5,43.35,46.4,46.8,43.5,82611,3817672.95,26-MAY-2017,832,INE882A01013
MARATHON,EQ,315,337.95,310,325.9,329,310,4094,1329241,26-MAY-2017,244,INE182D01012
MARICO,EQ,315.95,322,311.15,314.6,314,315.95,848824,267843246.25,26-MAY-2017,15505,INE196A01026
MARKSANS,EQ,46.45,47.2,45.9,46.25,46.1,45.8,2091730,97342087.3,26-MAY-2017,10884,INE750C01026
MARUTI,EQ,6971.15,7085.05,6936.2,7064.8,7068.05,6985.7,373937,2636144373.95,26-MAY-2017,30388,INE585B01010
MASTEK,EQ,273,297.75,272,296.1,297.75,270.7,606284,174757947.55,26-MAY-2017,12199,INE759A01021
MAWANASUG,EQ,83.7,86.4,83.25,85.6,85.8,83.15,177183,15079084.05,26-MAY-2017,1283,INE636A01039
MAXINDIA,EQ,147.9,151.55,146.5,149.65,149.55,146.95,233006,34650259.45,26-MAY-2017,14985,INE153U01017
MAXVIL,EQ,89.95,90.9,86.1,89.45,88.5,90.6,267559,23807008.6,26-MAY-2017,2342,INE154U01015
MAYURUNIQ,EQ,370.5,379.35,368.3,369.4,369,372.65,14895,5523511.35,26-MAY-2017,513,INE040D01038
MAZDA,EQ,334,340,333,334.15,334,328.75,2602,875807.4,26-MAY-2017,57,INE885E01034
MBAPL,SM,61,61,61,61,61,61.25,6000,366000,26-MAY-2017,2,INE900L01010
MBECL,EQ,40,40.55,39.2,39.65,39.5,39.9,51279,2048243.55,26-MAY-2017,345,INE748A01016
MBLINFRA,EQ,29.6,29.95,25.65,25.8,25.8,29.9,2063673,55181093.8,26-MAY-2017,21094,INE912H01013
MCDHOLDING,EQ,40,41,39,39.75,39.85,39.05,46808,1876866.7,26-MAY-2017,336,INE836H01014
MCDOWELL-N,EQ,1990.15,2090.95,1990.15,2056.6,2055,1999.05,403212,827402174.25,26-MAY-2017,19807,INE854D01016
MCL,SM,205,205,200,200,200,201,3200,648000,26-MAY-2017,2,INE813V01014
MCLEODRUSS,EQ,167,169.9,167,168.9,169,165.7,138856,23382587.9,26-MAY-2017,4708,INE942G01012
MCX,EQ,1001.5,1007.85,987,993.4,994,992.5,372344,370167631.55,26-MAY-2017,21593,INE745G01035
MEGASOFT,EQ,18.05,19.4,18.05,18.5,18.8,18.4,91198,1704448.75,26-MAY-2017,504,INE933B01012
MEGH,EQ,39.2,40.65,39.05,39.1,39.25,38.95,991408,39160698.95,26-MAY-2017,3504,INE974H01013
MENONBE,EQ,69,70.9,69,69.7,70,69.05,10894,761168,26-MAY-2017,192,INE071D01033
MEP,EQ,68.75,71.25,67.5,68.1,68.25,68.2,884990,60333308,26-MAY-2017,4020,INE776I01010
MERCATOR,EQ,41.4,44.25,41.3,43.4,43.25,41.85,1311614,56516394.5,26-MAY-2017,5336,INE934B01028
MERCK,EQ,1015,1019.95,1005.2,1012.4,1012.4,1014.3,8686,8801615.2,26-MAY-2017,848,INE199A01012
METALFORGE,EQ,49.85,52,49,50.9,50.5,49.15,120469,6117837.5,26-MAY-2017,1013,INE425A01011
METKORE,BE,2.75,2.95,2.75,2.8,2.8,2.85,16372,45098.25,26-MAY-2017,10,INE592I01029
MFSL,EQ,567,576.8,558.85,562.1,561.6,563.2,1774859,1002744536.65,26-MAY-2017,44032,INE180A01020
MGL,EQ,959.95,984,946.5,956.75,957.5,956.15,182200,175208426.9,26-MAY-2017,6196,INE002S01010
MHRIL,EQ,489,493,481.6,483.6,482.5,484.2,41903,20396363.3,26-MAY-2017,1732,INE998I01010
MIC,EQ,11.25,11.95,11.05,11.75,11.75,11.15,1307945,15222913.75,26-MAY-2017,1565,INE287C01029
MIDCAPIWIN,EQ,62.87,63,62.67,63,63,61.41,814,51113.18,26-MAY-2017,13,INF109KB1XT3
MINDACORP,EQ,102.25,106.8,100.8,103.25,103.9,101.65,163496,16989462.5,26-MAY-2017,1267,INE842C01021
MINDAIND,EQ,574.3,607,568.55,596.15,597,568.9,168413,99932532.45,26-MAY-2017,8374,INE405E01023
MINDTECK,EQ,81.3,85.2,78.55,80.1,80.2,78.2,14100,1124636.95,26-MAY-2017,209,INE110B01017
MINDTREE,EQ,540,544,532,535.2,533.45,543.9,461613,247953805.9,26-MAY-2017,12606,INE018I01017
MIRCELECTR,EQ,13.9,14.75,13.7,14.5,14.4,13.95,956212,13819258.95,26-MAY-2017,1394,INE831A01028
MIRZAINT,EQ,148.7,150.4,145,148.4,146.75,148.9,805567,119352668.9,26-MAY-2017,6403,INE771A01026
MITCON,SM,55.75,55.75,55.75,55.75,55.75,58.5,2000,111500,26-MAY-2017,1,INE828O01033
MKPL,SM,70.1,70.1,70.1,70.1,70.1,73.8,2000,140200,26-MAY-2017,1,INE964W01013
MMFL,EQ,608.7,624.4,600,604.5,600,601.05,5938,3651649.35,26-MAY-2017,603,INE227C01017
MMTC,EQ,57,59.3,56.05,58.8,59,56.9,633201,37005719.8,26-MAY-2017,3778,INE123F01029
MOHITIND,EQ,41.5,41.85,40,40.75,40.1,40.5,86598,3505760.95,26-MAY-2017,603,INE954E01012
MOIL,EQ,305.5,314.7,304,310.95,311,307.25,96817,30109497.2,26-MAY-2017,5080,INE490G01020
MOLDTECH,EQ,50,51.5,48.75,49.5,49,50.25,40739,2037342.75,26-MAY-2017,316,INE835B01035
MOLDTKPAC,EQ,295.9,301,294.1,295.85,295,297.3,19035,5667880.4,26-MAY-2017,1551,INE893J01029
MONNETISPA,EQ,38,39.2,37.9,38.65,38.7,37.4,220845,8540510.2,26-MAY-2017,1194,INE743C01013
MONSANTO,EQ,2758,2790.95,2750,2759.25,2750.15,2757.45,7278,20171868.85,26-MAY-2017,1129,INE274B01011
MONTECARLO,EQ,445.15,454,443,447.3,451,445.25,12528,5589713.05,26-MAY-2017,523,INE950M01013
MORARJEE,EQ,52.6,53.8,51.8,53.45,53.7,51.3,16785,884723.25,26-MAY-2017,238,INE161G01027
MOREPENLAB,EQ,19.5,20.25,19.5,19.8,19.75,19.65,779003,15480084.1,26-MAY-2017,2212,INE083A01026
MOSERBAER,EQ,5.65,5.7,5.55,5.55,5.6,5.45,506862,2847976.55,26-MAY-2017,471,INE739A01015
MOTHERSUMI,EQ,434.9,451.85,433.05,447.35,447,431.45,2284303,1014171774.65,26-MAY-2017,30501,INE775A01035
MOTILALOFS,EQ,1007.1,1049.9,999,1007.75,1012.4,996.3,164699,168523712.35,26-MAY-2017,7722,INE338I01027
MOTOGENFIN,BE,30.2,31.85,29,31.7,31.7,30.4,2242,69074.5,26-MAY-2017,12,INE861B01015
MPHASIS,EQ,572,584.95,566.55,583.5,583,574.15,165197,96036802.7,26-MAY-2017,3882,INE356A01018
MPSLTD,EQ,577.9,578,565,568.55,568,575.65,20883,11877262.3,26-MAY-2017,1416,INE943D01017
MRF,EQ,64199.85,65689.95,63922.2,65401.8,65350,63820,15831,1029972439.45,26-MAY-2017,9397,INE883A01011
MRO-TEK,EQ,47,49,46.05,46.2,46.05,46.35,4278,203254.85,26-MAY-2017,53,INE398B01018
MRPL,EQ,129.4,135.75,129.15,134.35,134.6,130.15,1872542,248840577.55,26-MAY-2017,13166,INE103A01014
MSPL,EQ,15.2,15.45,14.55,15.05,15,14.4,37397,561087.4,26-MAY-2017,200,INE752G01015
MTEDUCARE,EQ,66.25,66.65,63.8,64.25,64.15,66.05,60091,3892967.25,26-MAY-2017,857,INE472M01018
MTNL,EQ,22.4,22.9,22.2,22.55,22.6,22.35,1429494,32233532.1,26-MAY-2017,3631,INE153A01019
MUKANDENGG,EQ,54.25,56.7,53.55,55.85,55.95,54.85,35984,2007440.85,26-MAY-2017,265,INE022B01014
MUKANDLTD,EQ,68.05,69.95,67.4,69.3,68.9,67.55,118978,8218919.5,26-MAY-2017,1023,INE304A01026
MUKTAARTS,EQ,93.4,97.7,93.4,96.25,95.9,94.7,98900,9508489.15,26-MAY-2017,993,INE374B01019
MUNJALAU,EQ,109.4,110.1,107.7,109.3,110,108.1,87768,9566709.25,26-MAY-2017,1078,INE672B01032
MUNJALSHOW,EQ,189.2,194,188.65,190.6,190.05,188.3,19155,3669112.85,26-MAY-2017,346,INE577A01027
MURUDCERA,BE,38.25,41.7,38,38.95,38.6,39.75,92533,3677260.75,26-MAY-2017,295,INE692B01014
MUTHOOTCAP,EQ,446.95,446.95,436,442.4,437.5,435.55,6421,2824525.15,26-MAY-2017,154,INE296G01013
MUTHOOTFIN,EQ,393.95,403.4,389.45,398.9,399,389.4,891020,354698808.25,26-MAY-2017,18982,INE414G01012
MUTHOOTFIN,N9,1001.01,1001.01,1001.01,1001.01,1001.01,1004,10,10010.1,26-MAY-2017,1,INE414G07225
MUTHOOTFIN,NB,1715.1,1752,1715.05,1752,1752,1755,42,72476.5,26-MAY-2017,5,INE414G07241
MUTHOOTFIN,NC,1906,1910,1906,1910,1910,1910,81,154390,26-MAY-2017,2,INE414G07191
MVL,EQ,0.65,0.65,0.55,0.6,0.6,0.65,315699,183714.4,26-MAY-2017,58,INE744I01034
N100,EQ,401,404.5,393.5,393.66,395,399.03,1595,637411.07,26-MAY-2017,92,INF247L01031
NABARD,N2,1124,1124,1124,1124,1124,1121,100,112400,26-MAY-2017,1,INE261F07032
NAGAAGRI,EQ,27,28.2,26.3,28,28.2,26.65,46066,1263314,26-MAY-2017,329,INE295D01020
NAGAFERT,EQ,16,16.35,15.7,16,15.9,15.8,387868,6205181.75,26-MAY-2017,989,INE454M01024
NAGAROIL,EQ,4.4,4.6,4.4,4.55,4.55,4.45,203117,923341.95,26-MAY-2017,290,INE453M01018
NAGREEKCAP,EQ,18.95,18.95,17.3,17.65,17.65,18.05,1506,26652.85,26-MAY-2017,15,INE245I01016
NAGREEKEXP,EQ,32,32.75,28.7,32.05,32,32.3,11724,370384.15,26-MAY-2017,116,INE123B01028
NAHARCAP,EQ,106.05,109,105.5,108.7,108.1,108.05,3156,340736.3,26-MAY-2017,25,INE049I01012
NAHARINDUS,EQ,128,131.85,128,128.45,128.5,129.45,73081,9460942.15,26-MAY-2017,557,INE289A01011
NAHARPOLY,EQ,60,61.7,58.1,60.25,60.45,59.55,6247,375454.05,26-MAY-2017,106,INE308A01027
NAHARSPING,EQ,128,137.2,126,131.2,131.8,129.3,80466,10684727.65,26-MAY-2017,1461,INE290A01027
NAKODA,BE,0.4,0.4,0.35,0.4,0.4,0.4,42055,15332.55,26-MAY-2017,24,INE559B01023
NANDANI,SM,60.9,61,60.9,61,61,60.1,4000,243800,26-MAY-2017,2,INE696V01013
NATCOPHARM,EQ,890,909.9,889.95,897.5,897,889.85,111771,100706950.65,26-MAY-2017,4568,INE987B01026
NATHBIOGEN,EQ,206.95,223.35,206.95,220.05,220,205.45,132743,28953585.65,26-MAY-2017,2793,INE448G01010
NATIONALUM,EQ,67.15,68.9,67,68.4,68.55,66.65,6136046,418090979.2,26-MAY-2017,15264,INE139A01034
NATNLSTEEL,BE,23.5,23.9,22.65,23.4,23.4,23.2,17068,393634.45,26-MAY-2017,65,INE088B01015
NAUKRI,EQ,858.65,875.15,855.4,871.1,872,852.5,15391,13373228,26-MAY-2017,2805,INE663F01024
NAVINFLUOR,EQ,2872,2973,2872,2946.15,2949,2919.5,13265,38777235.55,26-MAY-2017,2458,INE048G01018
NAVKARCORP,EQ,209.1,214,204.05,208.25,208.45,208.35,38920,8178889,26-MAY-2017,1555,INE278M01019
NAVNETEDUL,EQ,162.95,170.4,160.75,168.05,167,161.1,142211,23899368.8,26-MAY-2017,2105,INE060A01024
NBCC,EQ,189,196.2,188.45,194.7,196.15,186.95,1964565,380573571.25,26-MAY-2017,14281,INE095N01023
NBIFIN,BE,3850,3890,3800,3808.35,3800,3770.45,27,104040,26-MAY-2017,9,INE365I01012
NBVENTURES,EQ,135.95,140,135.95,137.85,137.8,136.65,98591,13660601.05,26-MAY-2017,1200,INE725A01022
NCC,EQ,86,88.05,85.1,87.6,87.45,85.85,3286675,285273174.45,26-MAY-2017,12678,INE868B01028
NCLIND,EQ,203,214,203,211.4,213.45,203.4,93800,19679265.2,26-MAY-2017,1350,INE732C01016
NDGL,EQ,430,430,424,424,424.05,430.9,536,229099.5,26-MAY-2017,14,INE756C01015
NDL,EQ,129.85,129.85,125,126.35,126.5,125.5,44665,5644833.85,26-MAY-2017,612,INE875G01030
NDTV,EQ,62.05,63.7,61.55,62.7,62.8,62.2,88943,5579167.4,26-MAY-2017,730,INE155G01029
NECCLTD,EQ,44,44.25,43.05,43.6,43.5,43.3,69273,3031910.05,26-MAY-2017,654,INE553C01016
NECLIFE,EQ,34.8,35.9,34.55,35.35,35.15,34.65,263414,9322000.1,26-MAY-2017,1549,INE023H01027
NELCAST,EQ,59.5,60,58.05,59.15,59.15,57.55,211984,12407215.85,26-MAY-2017,757,INE189I01024
NELCO,EQ,78.9,79.4,78.2,78.8,78.7,78.4,69461,5467045.6,26-MAY-2017,548,INE045B01015
NESCO,EQ,2589.9,2622.3,2544.2,2614.95,2622.3,2542.5,4339,11205873.45,26-MAY-2017,749,INE317F01027
NESTLEIND,EQ,6549,6739.2,6526.3,6648.55,6630,6498.45,91240,607484102.9,26-MAY-2017,6245,INE239A01016
NET4,BE,1.9,1.9,1.8,1.8,1.8,1.85,645,1202,26-MAY-2017,7,INE553E01012
NETWORK18,EQ,47.9,48.75,47.5,48,47.85,47.8,347599,16759623.2,26-MAY-2017,1976,INE870H01013
NEULANDLAB,EQ,1404.7,1450,1386,1389.9,1386,1393.2,19983,28252701.2,26-MAY-2017,1758,INE794A01010
NEXTMEDIA,BE,21,21,20.2,20.75,20.75,20.35,69291,1433582.65,26-MAY-2017,68,INE747B01016
NFL,EQ,83.65,85.45,82.85,84.95,84.5,83.15,491292,41610822.6,26-MAY-2017,3301,INE870D01012
NH,EQ,294.6,297,293.5,294.8,295,294.4,178534,52663008.2,26-MAY-2017,1061,INE410P01011
NHAI,N1,1141,1146,1141,1146,1146,1138.32,1080,1234751,26-MAY-2017,8,INE906B07CA1
NHAI,N2,1220,1225,1210,1223.02,1223,1221.5,1809,2206633,26-MAY-2017,8,INE906B07CB9
NHAI,N5,1139.6,1190,1139,1178.82,1190,1210.28,1159,1346161,26-MAY-2017,11,INE906B07DE1
NHAI,N6,1235,1235,1230,1230.1,1230.1,1232,5255,6481856.4,26-MAY-2017,20,INE906B07DF8
NHAI,N8,1085,1085,1081.01,1082.19,1081.01,1100,74,80082.52,26-MAY-2017,3,INE906B07EH2
NHAI,NA,1123,1130,1123,1129.2,1130,1122.77,4776,5378555.44,26-MAY-2017,18,INE906B07EJ8
NHAI,NC,1111,1111,1111,1111,1111,1110,13,14443,26-MAY-2017,1,INE906B07EN0
NHAI,NE,1162.55,1162.55,1162.55,1162.55,1162.55,1164.99,90,104629.5,26-MAY-2017,1,INE906B07EP5
NHBTF2014,N4,5701,5701,5701,5701,5701,5676,1,5701,26-MAY-2017,1,INE557F07116
NHBTF2014,N5,6200,6200,6200,6200,6200,6160,12,74400,26-MAY-2017,2,INE557F07124
NHBTF2014,N6,6510,6540,6500,6510,6510,6490.1,125,813530,26-MAY-2017,13,INE557F07132
NHPC,EQ,29.25,31.65,29.05,30.45,30.5,29.25,6391158,194600579.25,26-MAY-2017,13751,INE848E01016
NIBL,EQ,35.25,36.55,35.25,36.3,36.25,35.45,3486,126804.7,26-MAY-2017,77,INE047O01014
NICCO,BE,0.4,0.4,0.35,0.4,0.4,0.4,4324,1715.95,26-MAY-2017,8,INE241C01026
NIF100IWIN,EQ,102.5,103.22,102.32,103.07,103.07,101.76,765,78607.73,26-MAY-2017,20,INF109KA1962
NIFTYBEES,EQ,973,979.9,969,978.89,977.98,970.46,26814,26164806.9,26-MAY-2017,787,INF732E01011
NIFTYIWIN,EQ,97,97.75,96.2,97.58,97.55,96.68,30808,2998501.37,26-MAY-2017,1606,INF109K012R6
NIITLTD,EQ,85.35,88.35,85.25,87.7,88,86.05,653735,57231416.6,26-MAY-2017,4774,INE161A01038
NIITTECH,EQ,495,503,492.1,500.25,498.65,492.35,308238,153292326.5,26-MAY-2017,10364,INE591G01017
NILAINFRA,EQ,17.05,17.45,16.85,17.1,17.1,16.9,312117,5359331.6,26-MAY-2017,671,INE937C01029
NILKAMAL,EQ,1914.95,2028.2,1912.1,2008.05,2012.35,1914.9,132399,262181226.5,26-MAY-2017,9718,INE310A01015
NIPPOBATRY,EQ,914.95,945,894,936.45,940,887.6,13353,12409770.35,26-MAY-2017,748,INE567A01010
NITCO,EQ,62.6,65.25,62.15,64.6,64.7,62.95,155060,9980279.7,26-MAY-2017,1213,INE858F01012
NITESHEST,EQ,9.3,9.3,9.05,9.1,9.1,9.15,288959,2645874.25,26-MAY-2017,357,INE639K01016
NITINFIRE,EQ,19.4,19.9,19.15,19.5,19.5,19.2,426085,8338153.1,26-MAY-2017,1522,INE489H01020
NITINSPIN,EQ,121.8,125.75,121,123.5,123.35,120.1,93874,11629039.7,26-MAY-2017,2398,INE229H01012
NITIRAJ,SM,83.3,83.3,83.3,83.3,83.3,86,1200,99960,26-MAY-2017,1,INE439T01012
NKIND,EQ,41.5,43.95,41.5,42.25,42.25,43.85,806,34816.8,26-MAY-2017,4,INE542C01019
NLCINDIA,EQ,99.45,101.8,97.5,100.1,100.3,98.95,199984,20009055.85,26-MAY-2017,1983,INE589A01014
NMDC,EQ,115.05,119.7,112.15,116.55,116.2,117,6721315,780951589.4,26-MAY-2017,32054,INE584A01023
NOCIL,EQ,98.6,104.95,97.05,103.8,104.65,98,1318703,133615257.55,26-MAY-2017,9361,INE163A01018
NOIDATOLL,EQ,11.55,11.8,10.85,11.35,11.2,11.1,585393,6585026.35,26-MAY-2017,1875,INE781B01015
NORBTEAEXP,EQ,6.4,6.4,6.4,6.4,6.4,6.4,830,5312,26-MAY-2017,3,INE369C01017
NRAIL,EQ,289.85,292,278.2,283.9,285,283.4,30043,8548738.75,26-MAY-2017,830,INE740D01017
NRBBEARING,EQ,120.7,128.7,120.7,125.15,125.6,122.6,178502,22371592.1,26-MAY-2017,1795,INE349A01021
NSIL,EQ,907.1,915.8,889,897.7,900,880.65,169,151846.85,26-MAY-2017,31,INE023A01030
NTL,EQ,4.35,4.55,4.3,4.55,4.5,4.55,27178,121882.9,26-MAY-2017,55,INE333I01036
NTPC,EQ,156.25,156.6,155.5,156,156,156.35,2655798,414385622.6,26-MAY-2017,14785,INE733E01010
NTPC,N2,1325,1325,1325,1325,1325,1325,1,1325,26-MAY-2017,1,INE733E07JF7
NTPC,N4,1175.95,1175.95,1175.95,1175.95,1175.95,1165,10,11759.5,26-MAY-2017,1,INE733E07JH3
NTPC,N6,1306.1,1306.1,1306,1306,1306,1308.85,161,210266.1,26-MAY-2017,2,INE733E07JJ9
NTPC,N7,13,13.09,13,13.07,13.07,13.07,21380,279439,26-MAY-2017,117,INE733E07JP6
NTPC,ND,1170.05,1170.05,1170.05,1170.05,1170.05,1172.05,16,18720.8,26-MAY-2017,1,INE733E07JW2
NUCLEUS,EQ,330.2,335.9,330,330.6,330,330.6,14547,4834364.95,26-MAY-2017,415,INE096B01018
NUTEK,EQ,0.65,0.7,0.6,0.6,0.65,0.6,293035,194960.35,26-MAY-2017,1164,INE318J01027
NV20IWIN,EQ,41.4,41.77,41.4,41.77,41.77,41,720,29820.4,26-MAY-2017,4,INF109KB1WY5
OBEROIRLTY,EQ,390,390,379,382.5,380.9,388.8,146854,56012361,26-MAY-2017,6928,INE093I01010
OCCL,EQ,935,962,918.9,955.35,958,950.25,11582,10978964.05,26-MAY-2017,1079,INE321D01016
OCL,EQ,1144.35,1182,1144.35,1172.9,1174,1143.1,20732,24232218.5,26-MAY-2017,2396,INE290B01025
OFSS,EQ,3555.2,3573.7,3548.25,3557.4,3555.5,3555.2,8960,31869819.95,26-MAY-2017,839,INE881D01027
OIL,EQ,307.8,311.8,305.1,310.3,311.3,307.1,275139,84794205.95,26-MAY-2017,8685,INE274J01014
OILCOUNTUB,EQ,47.25,49,45,48.5,48.65,49.9,43627,2079142.35,26-MAY-2017,440,INE591A01010
OISL,BE,5.2,5.25,4.85,5.05,5.25,5.05,42132,212141.3,26-MAY-2017,42,INE196J01019
OMAXAUTO,EQ,75.3,78.1,74.05,77.55,76.8,75.9,12294,941118.05,26-MAY-2017,202,INE090B01011
OMAXE,EQ,200.5,201.6,200,200.6,200.55,200.45,1038980,208683928.75,26-MAY-2017,8870,INE800H01010
OMKARCHEM,EQ,191.1,198.6,190.05,192.4,191.2,189.6,447609,86785756.5,26-MAY-2017,3982,INE474L01016
OMMETALS,EQ,49.75,50.85,49,49.4,49.3,49.7,37572,1870440.25,26-MAY-2017,305,INE239D01028
ONELIFECAP,BE,22,22.9,21.6,22.9,22.9,22.5,7212,161158.5,26-MAY-2017,39,INE912L01015
ONGC,EQ,174.7,177.5,174.3,175.75,175.8,174.15,6460263,1135727844.8,26-MAY-2017,57790,INE213A01029
ONMOBILE,EQ,77.55,81,76.7,77.5,77.6,77.45,575485,45327720.5,26-MAY-2017,4598,INE809I01019
ONWARDTEC,BE,77.8,81.65,77.1,81.65,81.65,77.8,14641,1173200.55,26-MAY-2017,38,INE229A01017
OPTOCIRCUI,EQ,9.55,9.85,9.5,9.8,9.8,9.5,557034,5410990.75,26-MAY-2017,837,INE808B01016
ORBITCORP,BE,3.75,3.95,3.7,3.85,3.95,3.8,89063,343260.05,26-MAY-2017,103,INE628H01015
ORBTEXP,EQ,129.7,130.25,128,130,130,129.15,3438,443731.55,26-MAY-2017,153,INE231G01010
ORCHIDPHAR,EQ,30.3,30.65,29.7,30.2,30.2,30,291961,8821995.25,26-MAY-2017,1557,INE191A01019
ORICONENT,EQ,57.5,60,55.5,56.9,56.45,57.25,641567,36925021.4,26-MAY-2017,2392,INE730A01022
ORIENTABRA,EQ,34.75,35.75,34.55,34.75,34.85,34.6,28419,995612.05,26-MAY-2017,237,INE569C01020
ORIENTALTL,BE,14.65,15.2,14,15,15,14.65,11881,173074.6,26-MAY-2017,37,INE998H01012
ORIENTBANK,EQ,151.8,155,150.25,152.7,151.85,153.1,3532130,539197544.05,26-MAY-2017,23889,INE141A01014
ORIENTBELL,EQ,257.45,265.5,252.9,257.1,257.05,253.6,77554,20238769.95,26-MAY-2017,1888,INE607D01018
ORIENTCEM,EQ,148.6,154.9,148.55,153.8,152.75,149.95,502058,77146366.85,26-MAY-2017,3345,INE876N01018
ORIENTHOT,EQ,40,40.6,38.05,40.05,40.2,39.8,46038,1842291.1,26-MAY-2017,342,INE750A01020
ORIENTLTD,EQ,70.6,76.4,67.95,73,73,73.65,2318,167870.35,26-MAY-2017,37,INE609C01024
ORIENTPPR,EQ,83.8,88.8,81.55,85.65,86,82.95,424265,36166435.5,26-MAY-2017,3101,INE592A01026
ORIENTREF,EQ,131.55,133,130.1,132,131,130.1,44365,5844172.1,26-MAY-2017,612,INE743M01012
ORISSAMINE,EQ,1920.05,1967,1901.5,1933.85,1930,1933.15,3302,6400574.15,26-MAY-2017,654,INE725E01024
ORTEL,EQ,80,80.05,75,77.9,77.15,78,8642,676788.3,26-MAY-2017,732,INE849L01019
ORTINLABSS,BE,17.6,18.2,17.55,17.9,17.85,17.55,5620,100113,26-MAY-2017,19,INE749B01012
PAGEIND,EQ,14299,14410,14125.2,14380.5,14381,14276.9,7356,105377763.7,26-MAY-2017,2633,INE761H01022
PALREDTEC,BE,136,143.35,136,143.35,143.35,136.55,5466,774876.6,26-MAY-2017,70,INE218G01033
PANACEABIO,EQ,133,154,127.2,147.95,147.1,130.05,351425,52124743.15,26-MAY-2017,7125,INE922B01023
PANACHE,SM,94.5,94.5,90,90,90,91.05,8000,739760,26-MAY-2017,5,INE895W01019
PANAMAPET,EQ,144.35,145,141.55,143.75,143.05,142.15,9333,1338383.45,26-MAY-2017,171,INE305C01029
PANORAMUNI,EQ,10.1,10.3,9.95,10,10,10.15,22657,228806.2,26-MAY-2017,74,INE194B01029
PAPERPROD,EQ,242.8,245,237.25,239.4,242,236.7,18863,4548535.45,26-MAY-2017,1015,INE275B01026
PARABDRUGS,EQ,7.25,7.25,7.05,7.15,7.15,7.2,16123,114753.75,26-MAY-2017,61,INE618H01016
PARACABLES,BE,3.75,3.75,3.55,3.75,3.7,3.6,6114,22534.2,26-MAY-2017,18,INE074B01023
PARAGMILK,EQ,240.35,249.15,238.15,248.05,248.7,240.4,122080,30042710.75,26-MAY-2017,3232,INE883N01014
PARSVNATH,EQ,13.5,14.1,13.5,13.6,13.65,13.6,247279,3394180,26-MAY-2017,649,INE561H01026
PATELENG,EQ,87.5,88.45,86.25,87.65,87.4,86.9,493447,43087695.5,26-MAY-2017,4058,INE244B01030
PATINTLOG,EQ,82.9,83.85,81.65,82.25,82.1,82.1,23762,1961304.75,26-MAY-2017,238,INE529D01014
PATSPINLTD,EQ,22,22.9,21.85,22.15,22.65,21.15,71723,1605350.9,26-MAY-2017,489,INE790C01014
PBAINFRA,EQ,22.25,22.65,22.1,22.4,22.5,22.15,2614,58368,26-MAY-2017,24,INE160H01019
PCJEWELLER,EQ,454.5,460,445.9,450.85,448.25,452.6,420768,190722452.3,26-MAY-2017,9990,INE785M01013
PDMJEPAPER,EQ,26.3,27.2,25.15,26.55,26.85,26.2,83208,2209372.8,26-MAY-2017,438,INE865T01018
PDPL,EQ,23.6,24.7,23.5,23.65,23.6,24.1,11091,266660.2,26-MAY-2017,85,INE904D01019
PDSMFL,EQ,207,222,205,220.85,220,205,16101,3456640.35,26-MAY-2017,224,INE111Q01013
PDUMJEIND,EQ,12.2,12.4,11.75,11.8,11.8,11.85,15181,179603.3,26-MAY-2017,27,INE105C01023
PDUMJEPULP,EQ,23.85,24.45,23.65,24.25,24.3,23.8,40115,963979.05,26-MAY-2017,172,INE606A01024
PEARLPOLY,BE,34.65,34.65,34.65,34.65,34.65,33,1235,42792.75,26-MAY-2017,18,INE844A01013
PEL,EQ,2700,2745,2690.1,2728,2734,2695.1,176521,480537985,26-MAY-2017,9276,INE140A01024
PENIND,EQ,46.25,47.25,46.05,46.8,47,46.25,241455,11263331.35,26-MAY-2017,1023,INE932A01024
PENINLAND,EQ,20.35,21.45,20.3,21.05,20.9,20.5,396154,8377264.25,26-MAY-2017,1320,INE138A01028
PENPEBS,EQ,133.95,139.8,131.3,137.95,137.95,130.55,10730,1451857.3,26-MAY-2017,157,INE455O01019
PERFECT,SM,21.5,21.5,21.5,21.5,21.5,20.2,12000,258000,26-MAY-2017,2,INE925S01012
PERSISTENT,EQ,585,587.45,580.05,585.35,586,583.8,40664,23746669.55,26-MAY-2017,2817,INE262H01013
PETRONENGG,BE,143.9,148.85,141.55,144.9,147,142.3,1415,203837.25,26-MAY-2017,33,INE742A01019
PETRONET,EQ,432.5,444.5,431,442.2,444.05,430.35,1188175,521751385.3,26-MAY-2017,22460,INE347G01014
PFC,EQ,142,145.6,138.25,143.55,144.3,141.5,8797218,1251436838.85,26-MAY-2017,53407,INE134E01011
PFC,N2,1100.12,1100.12,1100.12,1100.12,1100.12,1130,5,5500.6,26-MAY-2017,1,INE134E07349
PFC,N6,1000.01,1000.01,1000.01,1000.01,1000.01,1135,8,8000.08,26-MAY-2017,1,INE134E07422
PFC,N8,1280,1290,1280,1290,1290,1285,831,1071952.8,26-MAY-2017,7,INE134E07463
PFIZER,EQ,1678.95,1699.95,1658,1666.45,1661,1678.35,25422,42365484.15,26-MAY-2017,1581,INE182A01018
PFOCUS,EQ,110.8,114,108.55,113.5,113.2,108.9,119369,13408315.75,26-MAY-2017,1285,INE367G01038
PFS,EQ,45,45.7,44.3,44.45,44.45,44.9,1399486,62904748.95,26-MAY-2017,5309,INE560K01014
PGEL,EQ,175,176.9,173,174.8,173.1,175.75,11743,2064410.45,26-MAY-2017,185,INE457L01011
PGHH,EQ,7451.2,7589.85,7451.2,7550.2,7545,7472.15,2701,20339315.3,26-MAY-2017,799,INE179A01014
PGIL,EQ,115,115,110.85,113.15,114.9,114.95,41467,4689311.55,26-MAY-2017,152,INE940H01014
PHILIPCARB,EQ,424,435.15,412,426.6,425,396.9,665625,282018104.5,26-MAY-2017,11660,INE602A01015
PHOENIXLL,EQ,175,178.95,173.2,175.05,174.05,177.35,14629,2573670.3,26-MAY-2017,330,INE455B01016
PHOENIXLTD,EQ,410.25,417.55,409,410.95,411.95,409.1,213633,87631324.9,26-MAY-2017,1335,INE211B01039
PIDILITIND,EQ,738,771.4,738,765.45,766,740.3,616065,470134728.35,26-MAY-2017,13401,INE318A01026
PIIND,EQ,813.7,824.95,809.1,819.2,819.9,811.95,89674,73521823.5,26-MAY-2017,10222,INE603J01030
PILANIINVS,BE,2269.9,2269.9,2221.1,2249.6,2250,2207.95,170,380896.35,26-MAY-2017,19,INE417C01014
PILITA,BE,17.45,17.45,16.25,16.5,16.25,16.75,25556,426102,26-MAY-2017,84,INE600A01035
PINCON,EQ,67.4,69.85,67.3,68.2,68.2,67.05,291229,20000902.45,26-MAY-2017,2489,INE675G01018
PIONDIST,EQ,137.45,139.8,135,137,137.8,137.8,4385,602769.25,26-MAY-2017,169,INE889E01010
PIONEEREMB,EQ,45.7,46.9,44.2,46.25,46.8,44.95,42364,1934185.5,26-MAY-2017,348,INE156C01018
PIRPHYTO,BE,78.3,79.95,78,79.75,79.85,76.15,7953,632302.9,26-MAY-2017,86,INE122J01015
PITTILAM,EQ,57,58.8,56.85,57.1,57.4,56.7,14933,860245.4,26-MAY-2017,177,INE450D01021
PKTEA,EQ,145.05,153.5,145.05,151.1,147.5,152.95,14,2082.95,26-MAY-2017,6,INE431F01018
PLASTIBLEN,EQ,482,509.9,482,497.45,500,478.55,16646,8377840.45,26-MAY-2017,598,INE083C01022
PNB,EQ,151,153.3,149.6,150.65,150.3,150.7,9285518,1404293979.65,26-MAY-2017,45352,INE160A01022
PNBGILTS,EQ,46.3,50.2,45.8,49.2,48.9,46.2,1128497,54290452.6,26-MAY-2017,4992,INE859A01011
PNBHOUSING,EQ,1299.95,1328,1295.95,1317.1,1316,1296.7,143199,188595245,26-MAY-2017,9306,INE572E01012
PNC,BE,25,26,23.6,24.1,24.9,24.8,11557,290747.8,26-MAY-2017,23,INE392B01011
PNCINFRA,EQ,139.9,148.6,138,144.75,145.3,140.45,575869,82870960.3,26-MAY-2017,3919,INE195J01029
POCHIRAJU,EQ,7.4,7.4,7,7.15,7.2,7,13894,98876.5,26-MAY-2017,39,INE332G01032
PODDARHOUS,EQ,1000,1000.05,890,992.25,1000,979.7,714,687300.35,26-MAY-2017,55,INE888B01018
PODDARMENT,EQ,302.9,311.75,301,304.5,302.8,302.8,9712,2980220.9,26-MAY-2017,372,INE371C01013
POKARNA,EQ,1430,1430,1400,1409.65,1405,1391.55,6673,9433462.65,26-MAY-2017,779,INE637C01017
POLARIS,EQ,215.8,219,215.1,218.05,218.05,214.45,69898,15233188.95,26-MAY-2017,1690,INE763A01023
POLYMED,EQ,211,223.1,211,219.65,219.95,215,7940,1737748,26-MAY-2017,417,INE205C01021
POLYPLEX,EQ,449.9,460.95,447.05,452.75,451.2,449.9,35868,16284951.45,26-MAY-2017,1734,INE633B01018
PONNIERODE,EQ,203.95,208,202.15,205.6,207.5,204.15,7189,1477978.95,26-MAY-2017,159,INE838E01017
POWERGRID,EQ,200,203.9,198.3,202.2,202.3,198.95,3637331,733507255.6,26-MAY-2017,17109,INE752E01010
POWERMECH,EQ,598.85,598.9,581.6,591.4,594.2,585.4,4015,2371209.25,26-MAY-2017,303,INE211R01019
PPAP,EQ,337.9,348.4,334.25,338,338.75,335.75,48878,16626095.45,26-MAY-2017,1386,INE095I01015
PRABHAT,EQ,110.1,116.5,110.1,114.8,114.8,109.25,228076,26012779.65,26-MAY-2017,3196,INE302M01033
PRADIP,BE,2.5,2.55,2.5,2.55,2.55,2.55,2250,5633.85,26-MAY-2017,4,INE495J01015
PRAENG,EQ,11.5,11.75,11.15,11.35,11.4,11.3,59189,672960.25,26-MAY-2017,160,INE505C01016
PRAJIND,EQ,77.35,80.8,77.1,80.15,79.85,77.35,608066,48174860.15,26-MAY-2017,5192,INE074A01025
PRAKASH,EQ,88.3,96.2,88,94.3,94,87.75,5386107,499386740.55,26-MAY-2017,9413,INE603A01013
PRAKASHCON,EQ,4.1,4.1,4,4.05,4,4.05,261703,1058464.45,26-MAY-2017,164,INE023M01027
PRAKASHSTL,EQ,1.15,1.2,1.1,1.15,1.15,1.15,299374,339359.75,26-MAY-2017,133,INE696K01024
PRATIBHA,EQ,11.2,11.85,11.1,11.3,11.3,11.15,218008,2502145.3,26-MAY-2017,683,INE308H01022
PRECAM,EQ,127.05,128.25,123.5,124.3,124.1,125.75,53533,6690090.85,26-MAY-2017,713,INE484I01029
PRECOT,BE,74.25,77.9,72.85,75.2,76,76.35,8086,600775.35,26-MAY-2017,35,INE283A01014
PRECWIRE,EQ,130,134.75,130,132.8,132,128.25,10048,1326145.35,26-MAY-2017,252,INE372C01029
PREMEXPLN,EQ,424.7,424.7,408,416.25,416.2,413.35,4376,1824667.85,26-MAY-2017,187,INE863B01011
PREMIER,EQ,30.45,31.9,29.65,31.1,31.1,29.45,9121,282842.7,26-MAY-2017,65,INE342A01018
PREMIERPOL,EQ,27.1,29,27.1,28.85,29,28.05,503,14171.05,26-MAY-2017,13,INE309M01012
PRESSMN,EQ,65.75,67,65,66.1,66,65,30298,1994517.85,26-MAY-2017,304,INE980A01023
PRESTIGE,EQ,237,239.65,233.8,235.35,235.3,236.25,113348,26797811.8,26-MAY-2017,5543,INE811K01011
PRICOLLTD,EQ,82,82,80,80.6,80.65,80,88187,7123640,26-MAY-2017,858,INE726V01018
PRIMESECU,EQ,36.4,36.75,35.4,36.05,36.7,35.3,47667,1717384.75,26-MAY-2017,263,INE032B01021
PRISMCEM,EQ,121,122.65,116.35,121.45,119.35,119.6,286701,34128134.6,26-MAY-2017,2776,INE010A01011
PROVOGE,EQ,4.5,4.55,4.3,4.45,4.5,4.3,59055,261322,26-MAY-2017,76,INE968G01033
PROZONINTU,EQ,42,43.05,41.4,41.85,42,41.35,156418,6622321.9,26-MAY-2017,807,INE195N01013
PSB,EQ,54.3,55.25,53.95,54.7,55,54,105780,5768905.9,26-MAY-2017,829,INE608A01012
PSL,EQ,4.5,5.05,4.35,4.95,4.95,4.75,32039,156570.45,26-MAY-2017,151,INE474B01017
PSUBNKBEES,EQ,394,396.11,391.26,394.5,394.5,393.25,3088,1217979.69,26-MAY-2017,43,INF732E01110
PTC,EQ,91.5,94.65,91.5,93.6,94.05,91.4,1384507,128786925,26-MAY-2017,6486,INE877F01012
PTL,EQ,44.3,47,43.35,44.05,44.2,44.3,28421,1257163.85,26-MAY-2017,264,INE034D01031
PUNJABCHEM,EQ,264,292,259,286.5,284,279.4,34471,9609876.75,26-MAY-2017,927,INE277B01014
PUNJLLOYD,EQ,21.45,22.4,21.15,22.25,22.35,21,1766814,38892870.65,26-MAY-2017,5621,INE701B01021
PURVA,EQ,61.25,64.3,61.2,63.8,64,61.6,125078,7962909.55,26-MAY-2017,752,INE323I01011
PVP,BE,4.9,5,4.75,5,5,4.85,35468,173123.4,26-MAY-2017,34,INE362A01016
PVR,EQ,1463.1,1498,1451,1471.5,1475,1461.15,129323,190583763.05,26-MAY-2017,7326,INE191H01014
QGOLDHALF,EQ,1300,1309.9,1290,1307.95,1307.1,1301.95,1453,1895890.3,26-MAY-2017,93,INF082J01010
QNIFTY,EQ,1024.6,1026,1024.6,1026,1026,1015.4,980,1005395,26-MAY-2017,7,INF082J01028
QUESS,EQ,842,859,838,848.65,840,840.9,55474,47171276.7,26-MAY-2017,3105,INE615P01015
QUICKHEAL,EQ,209.1,215.7,209.1,212.75,213.05,209.05,132167,28178549.8,26-MAY-2017,2547,INE306L01010
RADAAN,EQ,1.2,1.2,1.15,1.2,1.2,1.15,3613,4310.6,26-MAY-2017,6,INE874F01027
RADICO,EQ,118.65,122.2,118.65,120.8,120.5,118.6,416411,50222410.6,26-MAY-2017,2215,INE944F01028
RADIOCITY,EQ,340,343.5,339.2,341.7,341,344.05,74058,25239765.2,26-MAY-2017,2693,INE919I01016
RAIN,EQ,96.4,101.35,96.2,100.75,100.8,96.15,794420,79177991.1,26-MAY-2017,4458,INE855B01025
RAINBOWPAP,EQ,3.75,3.9,3.75,3.85,3.9,3.75,191119,731000.6,26-MAY-2017,119,INE028D01025
RAIREKMOH,EQ,76.75,76.9,74.5,74.85,74.9,75.35,4130,311327.75,26-MAY-2017,82,INE313D01013
RAJESHEXPO,EQ,649,657.1,647,652.1,651,647.7,481637,314944945.3,26-MAY-2017,4383,INE343B01030
RAJOIL,BE,1.6,1.6,1.6,1.6,1.6,1.65,53990,86384,26-MAY-2017,43,INE294G01018
RAJRAYON,EQ,0.15,0.2,0.15,0.2,0.2,0.15,41050,6160,26-MAY-2017,10,INE533D01024
RAJSREESUG,EQ,61.1,63.5,59.2,62.65,63,60.65,24810,1536075.4,26-MAY-2017,294,INE562B01019
RAJTV,EQ,58.6,60.65,58.6,59.35,59.55,58.8,14197,843818.25,26-MAY-2017,154,INE952H01027
RAJVIR,EQ,40.35,44,40.35,44,44,41.95,301,12149,26-MAY-2017,2,INE011H01014
RALLIS,EQ,236.8,244,236.45,241.85,241.7,237.3,208669,50436657.5,26-MAY-2017,3157,INE613A01020
RAMANEWS,EQ,28.5,29.75,28.2,28.75,28.4,28.4,58611,1708045.95,26-MAY-2017,354,INE278B01020
RAMASTEEL,EQ,139,141.15,138.15,139.55,139.5,137.9,68354,9553619.85,26-MAY-2017,774,INE230R01027
RAMCOCEM,EQ,701.25,704,675.3,696.35,690.35,698.85,174654,120862373.75,26-MAY-2017,7190,INE331A01037
RAMCOIND,EQ,235.35,242.3,233.1,236.95,238,233.2,68769,16355637.2,26-MAY-2017,1264,INE614A01028
RAMCOSYS,EQ,333.65,339.9,331.3,336.35,334.9,329.6,37139,12520123.1,26-MAY-2017,1381,INE246B01019
RAMKY,EQ,100.9,100.9,96,96.5,97.5,96.25,121013,11807565.1,26-MAY-2017,1085,INE874I01013
RAMSARUP,BE,2.15,2.15,2.15,2.15,2.15,2.25,644,1384.6,26-MAY-2017,3,INE005D01015
RANASUG,EQ,9.25,9.75,9.15,9.65,9.65,9.25,1107677,10537926.35,26-MAY-2017,1125,INE625B01014
RANEENGINE,EQ,577.5,589.95,565,585.8,588.8,576.75,2645,1534180.3,26-MAY-2017,230,INE222J01013
RANEHOLDIN,EQ,1070.2,1098.65,1055.5,1083,1092.9,1079.5,72344,78296782.2,26-MAY-2017,514,INE384A01010
RASOYPR,BE,0.15,0.2,0.15,0.15,0.15,0.15,776578,136476,26-MAY-2017,68,INE904G01038
RATNAMANI,EQ,735,755,734,752.75,750,738.5,14443,10879572.55,26-MAY-2017,379,INE703B01027
RAYMOND,EQ,681.7,733.9,679.65,721.15,718.65,678.3,1455736,1034107349.7,26-MAY-2017,32550,INE301A01014
RBL,EQ,1060.5,1107.7,1060.5,1080,1077,1085,26054,28423152,26-MAY-2017,1641,INE244J01017
RBLBANK,EQ,549.4,552.5,505.3,516.55,515.6,545.6,7280565,3798585459.8,26-MAY-2017,92398,INE976G01028
RCF,EQ,81.5,87.5,81.5,86.45,87.3,79.95,4488987,379789011,26-MAY-2017,22347,INE027A01015
RCOM,EQ,26,26.3,25.35,25.75,25.95,25.95,14024830,363634445.4,26-MAY-2017,20142,INE330H01018
RDEL,EQ,58,58.8,57.25,58.2,58.05,57.6,1442083,83849640.4,26-MAY-2017,6918,INE542F01012
RECLTD,EQ,203.65,206.85,196.45,204.35,204.55,205.25,10684267,2163882911.65,26-MAY-2017,66774,INE020B01018
RECLTD,N1,1074,1074,1074,1074,1074,1074,45,48330,26-MAY-2017,1,INE020B07GW6
RECLTD,N2,1125,1125,1113.02,1113.08,1113.02,1116,1050,1169337.26,26-MAY-2017,4,INE020B07GX4
RECLTD,N8,1127,1144.99,1127,1137,1137,1127.01,1785,2021254.95,26-MAY-2017,9,INE020B07HR4
RECLTD,N9,1230,1230,1229.95,1229.96,1229.95,1230,160,196795,26-MAY-2017,3,INE020B07HS2
REDINGTON,EQ,124.75,127.5,124,126.5,127,124.8,108360,13652432.8,26-MAY-2017,4696,INE891D01026
REFEX,EQ,17.6,18.8,17.6,18.4,18.1,18,32161,593982.2,26-MAY-2017,77,INE056I01017
REGENCERAM,BE,7.65,7.8,7.2,7.8,7.8,7.55,225,1637.25,26-MAY-2017,4,INE277C01012
REIAGROLTD,EQ,0.4,0.4,0.35,0.4,0.35,0.35,754429,278529.45,26-MAY-2017,98,INE385B01031
RELAXO,EQ,472.55,476,468.35,474.2,474.4,471.7,3579,1694396.4,26-MAY-2017,259,INE131B01039
RELCAPITAL,EQ,580,602,577.3,593.8,591.8,576.3,3355281,1989052178,26-MAY-2017,45137,INE013A01015
RELCNX100,EQ,99.93,100.4,99.93,100.4,100.4,99.13,68,6796.18,26-MAY-2017,2,INF204K014N5
RELCONS,EQ,48.94,51.4,46.07,50.5,50.5,45.88,5983,298450.59,26-MAY-2017,64,INF204KA1LD7
RELDIVOPP,EQ,26.11,26.11,25.97,26.1,26.1,26.01,221,5766.31,26-MAY-2017,4,INF204KA1MS3
RELIANCE,EQ,1303.95,1344.4,1300,1337.3,1339,1302.45,4898639,6467102968.55,26-MAY-2017,111248,INE002A01018
RELIFIN,N4,1000,1000,1000,1000,1000,1001.01,20,20000,26-MAY-2017,1,INE958G07817
RELIGARE,EQ,188.8,195,185,193,193,189,23078,4381346.5,26-MAY-2017,749,INE621H01010
RELINFRA,EQ,496.15,513.95,496.05,508.5,508.2,497.15,2344838,1191395623,26-MAY-2017,33768,INE036A01016
RELNV20,EQ,420,421,420,421,421,418.73,11,4621,26-MAY-2017,4,INF204KA17D8
REMSONSIND,EQ,55.9,61.15,55.9,60.6,61.15,55.6,8352,497565.8,26-MAY-2017,93,INE474C01015
RENUKA,EQ,13.8,14.25,13.7,14.05,14,13.7,1605382,22562382.05,26-MAY-2017,2507,INE087H01022
REPCOHOME,EQ,751.95,795,713.4,778.45,779.8,749.25,189406,147286006.15,26-MAY-2017,8924,INE612J01015
REPRO,EQ,442.45,450,442.45,447.95,443,442.65,2616,1173041.8,26-MAY-2017,129,INE461B01014
RESPONIND,EQ,89,90,87.1,89.4,89.4,88.35,1524,135044.15,26-MAY-2017,45,INE688D01026
REVATHI,EQ,880,938.7,856.85,899.2,902,870.6,3691,3321296.5,26-MAY-2017,557,INE617A01013
RHFL,N4,1025.25,1025.25,918.6,1003.16,1003,1026,312,308416.75,26-MAY-2017,10,INE217K07AE0
RHFL,N6,1017.01,1021.9,1017.01,1019.8,1020.85,1019.14,2162,2203276.35,26-MAY-2017,29,INE217K07AG5
RHFL,N8,1025.1,1025.1,1025.1,1025.1,1025.1,1025,100,102510,26-MAY-2017,1,INE217K08289
RICOAUTO,EQ,54.8,55.45,54,54.45,54.05,53.9,400689,21931960.25,26-MAY-2017,1756,INE209B01025
RIIL,EQ,428,444,423.4,440.9,441,427.05,284566,124564523.3,26-MAY-2017,7875,INE046A01015
RJL,EQ,161.9,172.9,161.9,167.95,166.7,159.95,161193,27241264.25,26-MAY-2017,2533,INE722H01016
RKDL,EQ,10.4,10.4,10.1,10.15,10.2,10.15,24734,250943.5,26-MAY-2017,72,INE722J01012
RKFORGE,EQ,445.05,470,440,458.85,458,445.1,39851,18168508.7,26-MAY-2017,2381,INE399G01015
RMCL,BE,35.1,35.85,34.95,35.45,35.6,34.9,255885,9073937.6,26-MAY-2017,445,INE172H01014
RML,EQ,454.9,454.9,436.25,438.5,440.85,439.5,4682,2061407,26-MAY-2017,338,INE050H01012
ROHITFERRO,EQ,5.5,5.7,5.5,5.6,5.65,5.45,111903,634332.7,26-MAY-2017,123,INE248H01012
ROHLTD,EQ,101,108,101,106.4,107.5,101.9,35349,3747373.9,26-MAY-2017,605,INE283H01019
ROLLT,EQ,8.4,8.4,7.9,8.1,7.95,8.3,466415,3776083.65,26-MAY-2017,90,INE927A01040
ROLTA,EQ,55.25,56.75,55.25,56.2,56.25,55.2,316661,17755175.7,26-MAY-2017,3701,INE293A01013
ROSSELLIND,EQ,104.5,108.8,104.5,105.25,105,107.65,4917,525248.7,26-MAY-2017,74,INE847C01020
RPGLIFE,EQ,364,377,358.1,369.7,370,364.25,44133,16156210.2,26-MAY-2017,1376,INE105J01010
RPOWER,EQ,42.45,43.75,42.3,43.6,43.55,42.35,3051866,131854262.45,26-MAY-2017,12641,INE614G01033
RPPINFRA,EQ,254.05,272.5,254.05,270.95,272.5,255.75,67651,18007988.85,26-MAY-2017,787,INE324L01013
RSSOFTWARE,EQ,75.05,77.2,74.45,76.25,76.15,75.2,119377,9073606.95,26-MAY-2017,1760,INE165B01029
RSWM,EQ,399,410.5,399,407.05,405,402.3,19131,7800363.05,26-MAY-2017,2754,INE611A01016
RSYSTEMS,EQ,42.4,44.9,40.55,42.35,42.2,41.1,29994,1273588.25,26-MAY-2017,302,INE411H01032
RTNINFRA,EQ,3.65,3.65,3.6,3.6,3.6,3.65,362366,1307897.3,26-MAY-2017,143,INE834M01019
RTNPOWER,EQ,7.6,7.9,7.6,7.85,7.8,7.7,1195626,9310148.8,26-MAY-2017,711,INE399K01017
RUBYMILLS,EQ,380.65,387.1,375.05,383.15,385,380.65,10479,4024775.45,26-MAY-2017,401,INE301D01026
RUCHINFRA,BE,3,3,3,3,3,3,10350,31050,26-MAY-2017,11,INE413B01023
RUCHIRA,EQ,162.45,165.6,158.45,162.85,163,160.1,44621,7267483.15,26-MAY-2017,873,INE803H01014
RUCHISOYA,EQ,25,28.1,23.45,23.85,23.5,23.75,5608605,139749322.35,26-MAY-2017,17201,INE619A01027
RUPA,EQ,369.4,384.9,363.5,377.75,378,366.55,61512,23292287.5,26-MAY-2017,2878,INE895B01021
RUSHIL,EQ,759,759.95,745,752.9,750.55,755.6,20598,15501436.25,26-MAY-2017,1341,INE573K01017
SABEVENTS,EQ,47.25,47.45,45.5,46.25,46.25,46.75,5404,252144.2,26-MAY-2017,27,INE860T01019
SABTN,EQ,232.2,233.4,226.35,228.15,228,228.55,29266,6777160.75,26-MAY-2017,340,INE416A01036
SADBHAV,EQ,314.35,324.4,312.55,314.85,315,314.35,17556,5571013.3,26-MAY-2017,2191,INE226H01026
SADBHIN,EQ,100.6,104.8,100.15,103.25,103.4,101.8,11388,1178911.95,26-MAY-2017,463,INE764L01010
SAGCEM,EQ,847.9,873.95,837,849.35,844.05,836.65,10389,8914462.75,26-MAY-2017,600,INE229C01013
SAIL,EQ,57.05,59.75,57.05,59.2,59.15,56.9,9788368,574996260.4,26-MAY-2017,19386,INE114A01011
SAKAR,SM,52.05,52.05,52.05,52.05,52.05,57.5,3000,156150,26-MAY-2017,1,INE732S01012
SAKHTISUG,EQ,31.9,31.9,30.45,31.1,31,32,296130,9184137.3,26-MAY-2017,1327,INE623A01011
SAKSOFT,EQ,204.4,218,204.4,216.1,216,206.7,5710,1228948.05,26-MAY-2017,184,INE667G01015
SAKUMA,EQ,63.5,65.4,63.45,64.1,63.45,64.2,11436,736874.2,26-MAY-2017,196,INE190H01016
SALONA,BE,61.4,61.4,60,60.75,61,61.9,1350,81301.6,26-MAY-2017,13,INE498E01010
SALORAINTL,EQ,58.7,60.5,58.2,58.95,59,58.15,2675,158692.15,26-MAY-2017,38,INE924A01013
SALSTEEL,BE,7.2,7.2,6.65,6.65,6.85,6.95,54614,371726.3,26-MAY-2017,78,INE658G01014
SALZERELEC,EQ,199.9,199.9,192.45,194.5,194,200.85,70914,13820051.3,26-MAY-2017,1355,INE457F01013
SAMBHAAV,BE,7.85,8.05,7.7,8,7.95,7.7,205875,1653537.85,26-MAY-2017,170,INE699B01027
SAMTEL,EQ,0.55,0.55,0.55,0.55,0.55,0.55,1087,597.85,26-MAY-2017,4,INE381A01016
SANCO,BE,115,117,112,116,116,117.25,18280,2113426.95,26-MAY-2017,25,INE782L01012
SANDESH,EQ,940,940,923,928.4,927,937.05,682,634697.95,26-MAY-2017,122,INE583B01015
SANGAMIND,EQ,281.9,291,276,289.4,287,279.65,47664,13595407.2,26-MAY-2017,1390,INE495C01010
SANGHIIND,EQ,77,79.5,76,78.45,79,76.55,576110,44995346.3,26-MAY-2017,2896,INE999B01013
SANGHVIFOR,EQ,41.85,43.65,41.85,42.1,42.1,42.35,7153,307617.3,26-MAY-2017,52,INE263L01013
SANGHVIMOV,EQ,239.45,245.85,239.4,244,245,239.65,11908,2893935.95,26-MAY-2017,435,INE989A01024
SANOFI,EQ,4080,4098,4001,4015.4,4011.9,4074.3,7683,30963914.8,26-MAY-2017,885,INE058A01010
SANWARIA,EQ,12.4,12.8,12.05,12.2,12.15,12.6,1430695,17740275.6,26-MAY-2017,2531,INE890C01046
SARDAEN,EQ,247.7,255.7,247,252.2,254,248.2,31408,7933594.35,26-MAY-2017,1361,INE385C01013
SAREGAMA,EQ,231.1,243,231.1,238,238.95,229.05,24264,5777301.1,26-MAY-2017,791,INE979A01017
SARLAPOLY,EQ,62,69.9,61.5,65.95,65.95,62.05,570649,37987771.45,26-MAY-2017,4498,INE453D01025
SASKEN,EQ,390.05,402.6,390.05,396.7,396,394.05,3148,1254012.15,26-MAY-2017,258,INE231F01020
SASTASUNDR,BE,126.3,129.95,123.1,128.45,128.95,126.3,16619,2109674.35,26-MAY-2017,90,INE019J01013
SATHAISPAT,EQ,40,41,39.5,39.6,39.7,39.9,179526,7191653.65,26-MAY-2017,383,INE176C01016
SATIN,EQ,324,334,319,324.75,324,325.95,63517,20528435,26-MAY-2017,1719,INE836B01017
SBIN,EQ,290.5,291,285.3,288.45,289,290.1,12304394,3540130788,26-MAY-2017,139676,INE062A01020
SBIN,N2,10800,10877,10780,10849.76,10800,10741.5,269,2914086.95,26-MAY-2017,53,INE062A08025
SBIN,N5,11375,11400,11375,11398.16,11395,11400,140,1595571.1,26-MAY-2017,23,INE062A08058
SBIN,N6,10800,10800,10800,10800,10800,11000,10,108000,26-MAY-2017,1,INE062A08066
SCHAND,EQ,532.05,612,527.2,605.55,604,536.3,787640,461958084.75,26-MAY-2017,23563,INE807K01035
SCHNEIDER,EQ,137.5,142,137,141,141.25,136.8,83013,11634558.75,26-MAY-2017,1401,INE839M01018
SCI,EQ,70.05,73.6,69.95,72.35,72.4,69.65,836433,60522418.75,26-MAY-2017,5738,INE109A01011
SDBL,EQ,156,157.7,151.1,152.25,152.7,155.3,33452,5180569.75,26-MAY-2017,540,INE480C01012
SEAMECLTD,EQ,122,131.1,116.15,125.9,126.7,119.3,165195,20936324.7,26-MAY-2017,1746,INE497B01018
SEINV,EQ,156.3,161.9,156.15,160.85,158.2,158.55,244,38812.7,26-MAY-2017,11,INE420C01042
SELAN,EQ,173,175.95,170.15,171.25,171.4,173.4,97252,16810601.15,26-MAY-2017,1417,INE818A01017
SELMCL,EQ,3.35,3.35,3.25,3.3,3.3,3.25,132929,441055.65,26-MAY-2017,91,INE105I01012
SENSEXIWIN,EQ,319.48,321,318.52,320.05,321,315.2,107,34173.97,26-MAY-2017,11,INF346A01034
SEPOWER,EQ,8.2,9,8.2,8.85,8.9,8.6,4663,39600.85,26-MAY-2017,48,INE735M01018
SEQUENT,EQ,112.25,119,112.25,114.1,114.3,112.6,544202,62170949.65,26-MAY-2017,2731,INE807F01027
SERVALL,EQ,2.65,3.1,2.65,3.05,3,2.85,27556,85093.3,26-MAY-2017,19,INE431L01016
SESHAPAPER,EQ,799,821,793.7,808.7,808.1,790.6,18449,14901624.5,26-MAY-2017,920,INE630A01016
SETCO,EQ,39,41.8,38.8,40.85,40.75,38.9,399863,16375006.2,26-MAY-2017,2138,INE878E01021
SETFGOLD,EQ,2625.1,2650,2625.05,2647.1,2640.4,2622.5,22445,59251888.05,26-MAY-2017,345,INF200K01099
SETFNIF50,EQ,96.05,96.45,95.9,96.17,96.45,95.29,880,84547.23,26-MAY-2017,32,INF200KA1FS1
SETFNIFBK,EQ,270,270,234.73,236.06,236.06,234.34,3548,836530.12,26-MAY-2017,27,INF200KA1580
SETFNN50,EQ,264.25,268.5,264.25,266,266,261.43,165,43908.55,26-MAY-2017,18,INF200KA1598
SEZAL,BE,5.6,5.6,5.6,5.6,5.6,5.7,300,1680,26-MAY-2017,3,INE955I01036
SFL,EQ,1315,1330,1300.05,1323.5,1325,1295.65,2133,2811924.95,26-MAY-2017,611,INE916U01025
SGBAUG24,GB,2849,2858.95,2811,2830.8,2830.1,2846.6,222,626823.96,26-MAY-2017,27,IN0020160027
SGBFEB24,GB,2760,2760,2752,2756.55,2759.99,2780,46,126843.1,26-MAY-2017,8,IN0020150101
SGBMAR25,GB,2749,2769.95,2745,2750.71,2750,2749,54,148631.5,26-MAY-2017,11,IN0020160126
SGBNOV24,GB,2768,2768,2730.51,2736.18,2741.99,2745.34,1168,3201088.61,26-MAY-2017,49,IN0020160076
SGBSEP24,GB,2825,2825.25,2820,2825.11,2825,2800,101,285284.8,26-MAY-2017,17,IN0020160043
SGFL,BE,1.95,1.95,1.95,1.95,1.95,1.9,96,187.2,26-MAY-2017,2,INE883G01018
SGL,EQ,14.05,14.7,14,14.2,14.3,14,27202,388476.3,26-MAY-2017,36,INE353H01010
SHAHALLOYS,BE,17.8,18.95,17.8,18.9,18.9,18.05,1331,25049.8,26-MAY-2017,6,INE640C01011
SHAIVAL,SM,110,110,110,110,110,100.5,1200,132000,26-MAY-2017,1,INE262S01010
SHAKTIPUMP,EQ,410.3,416.4,398.1,406,402,415.5,611875,248952850.9,26-MAY-2017,15654,INE908D01010
SHALPAINTS,EQ,252,273.9,250.05,270.1,272,250.15,492211,130739226.6,26-MAY-2017,12461,INE849C01026
SHANKARA,EQ,688.05,707,688.05,701.55,699,694,55798,39098384.2,26-MAY-2017,2721,INE274V01019
SHANTIGEAR,EQ,125.3,129.9,125,128.95,128.7,126.3,29139,3748730.9,26-MAY-2017,1241,INE631A01022
SHARDACROP,EQ,507,516.1,503.45,511.9,513.9,498.15,18595,9506228.1,26-MAY-2017,1656,INE221J01015
SHARDAMOTR,EQ,1772,1850,1735,1812.35,1795.25,1722.45,2015,3643571.4,26-MAY-2017,380,INE597I01010
SHARIABEES,EQ,222,222,216,218,218,218.7,225,49713,26-MAY-2017,5,INF732E01128
SHARONBIO,EQ,6.15,6.6,6.15,6.35,6.35,6.25,195027,1238296.85,26-MAY-2017,229,INE028B01029
SHEMAROO,EQ,327.65,329,317.5,320,318,322.2,16562,5348724.5,26-MAY-2017,757,INE363M01019
SHILPAMED,EQ,692,698.3,682,684.25,684.9,688.3,36995,25508770.75,26-MAY-2017,1272,INE790G01031
SHILPI,EQ,40.7,40.7,40.7,40.7,40.7,42.8,70065,2851645.5,26-MAY-2017,351,INE510K01019
SHIRPUR-G,EQ,127,138.35,126.55,133.6,134,129.3,72229,9600803,26-MAY-2017,1083,INE196B01016
SHIVAMAUTO,EQ,52.35,53,51.6,51.8,52,52.2,123781,6458860.55,26-MAY-2017,1137,INE637H01024
SHIVTEX,EQ,319.8,320.05,308,315.7,317,314.9,1643,519206.35,26-MAY-2017,101,INE705C01012
SHK,EQ,266.9,284.7,266.9,281.2,280,265.8,102322,28529396.2,26-MAY-2017,7574,INE500L01026
SHOPERSTOP,EQ,301.2,312.55,301.2,306.8,305,301.85,8656,2668350.8,26-MAY-2017,596,INE498B01024
SHREECEM,EQ,17724,17962,17496.65,17629.3,17601,17614.15,9951,175976200.95,26-MAY-2017,3183,INE070A01015
SHREEPUSHK,EQ,208.95,215.95,206.3,212.35,215.95,207.7,131849,27753005.75,26-MAY-2017,1429,INE712K01011
SHREERAMA,EQ,14.45,14.45,13.2,13.75,13.75,13.7,45403,622150.8,26-MAY-2017,166,INE879A01019
SHREYANIND,EQ,166,171,164.9,169.75,170.05,163.6,33619,5638968.95,26-MAY-2017,585,INE231C01019
SHREYAS,EQ,289.9,337.25,285.1,337.25,337.25,281.05,305469,97070680.25,26-MAY-2017,8383,INE757B01015
SHRIPISTON,BE,1658,1658,1575.1,1642.5,1647.95,1602,394,644267.05,26-MAY-2017,29,INE526E01018
SHRIRAMCIT,EQ,2159.3,2270,2159.3,2249.75,2240.1,2183.05,6286,14024965.2,26-MAY-2017,1029,INE722A01011
SHRIRAMCIT,N8,1025,1025,1025,1025,1025,1020,200,205000,26-MAY-2017,4,INE722A07422
SHRIRAMCIT,NA,1674.99,1674.99,1674.99,1674.99,1674.99,1675,5,8374.95,26-MAY-2017,1,INE722A07448
SHRIRAMCIT,NH,1020,1020,1020,1020,1020,1010,501,511020,26-MAY-2017,2,INE722A07513
SHRIRAMEPC,EQ,25.35,26.25,24.9,25.55,25.95,24.85,64504,1647425.25,26-MAY-2017,448,INE964H01014
SHYAMCENT,EQ,8.75,9.3,8.75,8.8,8.75,8.75,12594,114488.6,26-MAY-2017,32,INE979R01011
SHYAMTEL,EQ,25,26.8,23.35,24.5,24.1,24.8,13667,337825.35,26-MAY-2017,64,INE635A01023
SICAGEN,EQ,35.5,39.4,35.5,37.75,37.75,36.05,135596,5152140.55,26-MAY-2017,982,INE176J01011
SICAL,EQ,242.95,247.7,242.35,243.3,243,243.05,14118,3449409.25,26-MAY-2017,468,INE075B01012
SIEMENS,EQ,1350,1391.2,1348.95,1387.6,1385,1349.75,215407,297348894.7,26-MAY-2017,6935,INE003A01024
SIGNET,EQ,11.55,11.85,10.95,11.7,11.7,11.3,1741621,19765880.2,26-MAY-2017,4628,INE529F01027
SIL,BE,23.4,24.4,23.4,24.25,24.05,23.95,7446,179041.6,26-MAY-2017,26,INE173A01025
SILINV,EQ,168,175,168,172.65,172.9,166.05,5944,1019327.6,26-MAY-2017,60,INE923A01015
SIMBHALS,EQ,33.5,34.85,31.3,31.55,31.45,32.05,84977,2749161.4,26-MAY-2017,463,INE748T01016
SIMPLEX,BE,30.1,30.95,29.4,29.5,29.4,30.1,4694,139805.95,26-MAY-2017,33,INE898F01018
SIMPLEXINF,EQ,412.2,419.45,409,413.6,409,415.65,8031,3326624.95,26-MAY-2017,292,INE059B01024
SINTEX,EQ,26.35,31,24.9,30.2,30.3,25.85,86145198,2547124621.8,26-MAY-2017,151234,INE429C01035
SITASHREE,EQ,6.05,6.05,5.5,5.65,5.65,5.55,50471,287351.75,26-MAY-2017,110,INE686I01011
SITINET,EQ,31.65,32.05,30.8,31.75,31.15,30.8,316797,9900457.25,26-MAY-2017,1212,INE965H01011
SIYSIL,EQ,1783.55,1820,1767.1,1780.8,1780,1787.65,3408,6073207.1,26-MAY-2017,267,INE076B01010
SJVN,EQ,32.15,32.2,30.8,31.7,31.75,31.9,895930,28218298.4,26-MAY-2017,3771,INE002L01015
SKFINDIA,EQ,1565,1607,1565,1592.25,1590,1581.15,3728,5948404.55,26-MAY-2017,683,INE640A01023
SKIL,EQ,38.4,40.3,38.4,39.6,39.8,38.3,419335,16578893.6,26-MAY-2017,832,INE429F01012
SKIPPER,EQ,192.45,199.7,190.95,197.35,199.4,191.7,49386,9680296.7,26-MAY-2017,910,INE439E01022
SKMEGGPROD,BE,70,72,68.55,70.95,71.9,70,20029,1404307.45,26-MAY-2017,139,INE411D01015
SMARTLINK,EQ,90.5,91,88.3,89.75,90,90.45,22314,1997941,26-MAY-2017,297,INE178C01020
SMLISUZU,EQ,1238.8,1281,1233.8,1278.5,1276.5,1228.35,24245,30716245.1,26-MAY-2017,1518,INE294B01019
SMPL,EQ,2.1,2.1,1.95,1.95,2,2.05,137399,274443.7,26-MAY-2017,49,INE215G01021
SMSPHARMA,EQ,82,82.75,80.6,82,82.5,81.45,31968,2616875,26-MAY-2017,343,INE812G01025
SNOWMAN,EQ,55.7,56.45,55.4,55.7,55.7,55.45,332580,18602454.95,26-MAY-2017,2712,INE734N01019
SOBHA,EQ,388.9,398.8,385.1,392.55,393,385.9,163411,64313642.75,26-MAY-2017,6196,INE671H01015
SOLARINDS,EQ,829,843.7,829,835.45,835,828.3,16751,14054439.3,26-MAY-2017,775,INE343H01029
SOMANYCERA,EQ,759.85,785,755.3,780,775.1,751.2,41468,32295668.2,26-MAY-2017,1602,INE355A01028
SOMATEX,BE,12,12.25,11.8,12.25,12.25,11.7,10472,127815.35,26-MAY-2017,21,INE314C01013
SOMICONVEY,EQ,53.05,54.5,52.25,53.4,53.05,53.45,3507,187730.85,26-MAY-2017,34,INE323J01019
SONASTEER,EQ,83,83.5,82.75,83.05,82.85,82.8,258274,21421355.7,26-MAY-2017,1409,INE643A01035
SONATSOFTW,EQ,150,153,146.6,149.65,149.45,149.65,166213,24762185.3,26-MAY-2017,4221,INE269A01021
SORILHOLD,EQ,33.25,33.65,32.15,33.65,33.65,32.05,208628,6915130.2,26-MAY-2017,721,INE126M01010
SORILINFRA,EQ,138.65,144.95,137.65,141.25,141,137.4,163228,23112234.7,26-MAY-2017,2053,INE034H01016
SOTL,EQ,951.95,988.05,949.75,981.85,988.05,937.55,949,917524.3,26-MAY-2017,140,INE035D01012
SOUTHBANK,EQ,25.8,27.2,25.75,27,27.15,25.7,25480709,676021345.95,26-MAY-2017,21280,INE683A01023
SPAL,EQ,390,431.45,390,420.8,420,389.15,336165,140744999.5,26-MAY-2017,7367,INE212I01016
SPARC,EQ,281,289.95,279.25,287.2,286.5,281.7,181437,51520995.55,26-MAY-2017,4954,INE232I01014
SPCENET,EQ,0.6,0.6,0.5,0.55,0.55,0.55,14030,7860.6,26-MAY-2017,20,INE970N01027
SPECIALITY,BE,86,89.5,84.25,85.95,85,85.5,33281,2901351.45,26-MAY-2017,158,INE247M01014
SPENTEX,EQ,3.4,3.5,3.25,3.3,3.3,3.25,7226,24137.55,26-MAY-2017,25,INE376C01020
SPHEREGSL,EQ,60,60.7,58.95,59.5,59.5,58.85,72758,4333071.6,26-MAY-2017,226,INE737B01033
SPIC,EQ,26.9,27.45,26.45,27,26.9,26.6,463201,12520519.85,26-MAY-2017,1465,INE147A01011
SPICEMOBI,EQ,14.5,14.5,14.05,14.35,14.35,14,12266,174843.4,26-MAY-2017,40,INE927C01020
SPLIL,EQ,22.5,22.5,20.35,21.45,21.1,20.5,9057,191081.3,26-MAY-2017,62,INE978G01016
SPMLINFRA,BE,103.8,106.1,103.2,106.1,106.1,101.05,20944,2215435.95,26-MAY-2017,53,INE937A01023
SPYL,EQ,0.35,0.35,0.25,0.35,0.35,0.3,188579,53729.55,26-MAY-2017,51,INE268L01020
SQSBFSI,EQ,525.05,537.45,523.05,535.7,536,525,5393,2876009.15,26-MAY-2017,265,INE201K01015
SREEL,EQ,138.2,146.95,138.2,140.1,139,141,1343,191779.15,26-MAY-2017,52,INE099F01013
SREIBNPNCD,NB,981,981,981,981,981,971,10,9810,26-MAY-2017,1,INE881J07EE7
SREIBNPNCD,NJ,1001,1002,999.1,999.1,999.1,1000,529,529719.4,26-MAY-2017,15,INE881J07EL2
SREIBNPNCD,NL,1002.99,1004.99,1000,1000,1000,999,75,75189.5,26-MAY-2017,4,INE881J07EN8
SREINFRA,EQ,99.85,105.5,99.85,104.95,105.05,100.45,1540864,159270697.6,26-MAY-2017,23898,INE872A01014
SREINFRA,NR,1012,1012,1012,1012,1012,1022,50,50600,26-MAY-2017,1,INE872A07SW7
SREINFRA,NU,1450,1450,1450,1450,1450,1400,10,14500,26-MAY-2017,1,INE872A07SZ0
SREINFRA,NW,995,995,995,995,995,984.1,50,49750,26-MAY-2017,3,INE872A07TY1
SREINFRA,NZ,1017.5,1017.5,1001,1001,1001,1014.94,265,265519.02,26-MAY-2017,8,INE872A07UA9
SREINFRA,Y1,1018,1018,1018,1018,1018,1018,300,305400,26-MAY-2017,3,INE872A07UB7
SREINFRA,Y2,1025,1025,1025,1025,1025,1018,20,20500,26-MAY-2017,1,INE872A07UC5
SREINFRA,Y8,1003,1003,999,999,999,1001,100,100114,26-MAY-2017,4,INE872A07UI2
SREINFRA,Y9,1018,1018,1018,1018,1018,993,25,25450,26-MAY-2017,1,INE872A07UJ0
SREINFRA,YA,995,995,995,995,995,995,100,99500,26-MAY-2017,3,INE872A07UK8
SRF,EQ,1619.1,1671,1607.1,1661.3,1668.5,1617.05,171025,281827368.8,26-MAY-2017,15169,INE647A01010
SRGINFOTEC,BE,0.25,0.3,0.25,0.3,0.3,0.25,4985,1321.25,26-MAY-2017,8,INE376A01032
SRHHYPOLTD,EQ,130.95,131.9,125.1,127.6,129.45,128.1,6206,800689.9,26-MAY-2017,144,INE917H01012
SRIPIPES,EQ,327.1,337,324.4,335.45,336,322.1,93830,31223298.3,26-MAY-2017,3343,INE943C01027
SRSLTD,EQ,3,3.1,2.95,2.95,2.95,3,920538,2785277.2,26-MAY-2017,542,INE219H01039
SRTRANSFIN,EQ,970,995.95,967.85,986.5,984,963.6,759348,747744122.5,26-MAY-2017,35414,INE721A01013
SRTRANSFIN,NS,1012,1012,1012,1012,1012,1011,10,10120,26-MAY-2017,1,INE721A07DM9
SRTRANSFIN,NU,1676,1676,1676,1676,1676,1674.71,296,496096,26-MAY-2017,4,INE721A07DO5
SRTRANSFIN,NW,1023.99,1024,1017.55,1023.77,1023.1,1023,213,217772.74,26-MAY-2017,13,INE721A07FV5
SRTRANSFIN,NX,1015,1016,1010.01,1015.99,1016,1015,215,218250.92,26-MAY-2017,12,INE721A07FW3
SRTRANSFIN,Y3,1105,1105,1105,1105,1105,1109.99,50,55250,26-MAY-2017,2,INE721A07GT7
SRTRANSFIN,Y7,1093,1093,1093,1093,1093,1090,200,218600,26-MAY-2017,1,INE721A07HH0
SRTRANSFIN,YA,1050,1050,1050,1050,1050,1055,2,2100,26-MAY-2017,1,INE721A07HK4
SSWL,EQ,829.95,849,828,832.9,832.9,826.95,5767,4821728.15,26-MAY-2017,559,INE802C01017
STAMPEDE,EQ,19.5,20,19.3,19.55,19.3,19.4,2980958,58542566.45,26-MAY-2017,863,INE224E01028
STAN,DR,51.85,52.8,51.4,52,52,52,18029,939394.45,26-MAY-2017,69,INE028L21018
STAR,EQ,904.8,929.9,900,916.2,917,897.3,286685,263309510.9,26-MAY-2017,9879,INE939A01011
STARPAPER,EQ,216,219.8,202.1,204.85,204.1,200.95,820660,171987860.85,26-MAY-2017,11429,INE733A01018
STCINDIA,EQ,142.95,156.4,142.95,149.9,149.25,143,116566,17451875.1,26-MAY-2017,2907,INE655A01013
STEELCITY,SM,63.4,65.35,62.15,64.7,64.1,62,26000,1655700,26-MAY-2017,13,INE395H01011
STEL,EQ,78,80.4,75.3,78.1,77.4,77.35,14722,1150464.5,26-MAY-2017,165,INE577L01016
STERLINBIO,EQ,4.3,4.55,4.25,4.5,4.5,4.3,95135,418049.9,26-MAY-2017,82,INE324C01038
STERTOOLS,EQ,271.9,280,266,270.95,267,270.75,23949,6579699.55,26-MAY-2017,2700,INE334A01023
STINDIA,EQ,14.7,15.4,14.1,15.4,15.4,14.7,2233,32333.95,26-MAY-2017,10,INE090C01019
STRTECH,EQ,159.7,160.8,156,160.05,160.05,158.05,461924,73592787.6,26-MAY-2017,7379,INE089C01029
SUBEX,EQ,10.8,10.8,10.35,10.55,10.55,10.95,4462291,47244649.1,26-MAY-2017,3987,INE754A01014
SUBROS,EQ,246,258.6,244.25,253.6,254,243,116873,29465517.95,26-MAY-2017,1672,INE287B01021
SUDARSCHEM,EQ,367,389.9,352.55,379.45,380,365.2,449961,166145510.35,26-MAY-2017,14236,INE659A01023
SUJANAUNI,EQ,1.25,1.25,1.15,1.25,1.25,1.25,85997,103752.8,26-MAY-2017,28,INE216G01011
SUMEETINDS,EQ,33.3,34.55,33.05,33.65,33.8,33.1,420028,14230028.95,26-MAY-2017,1803,INE235C01010
SUMMITSEC,EQ,636.75,639.95,600,626.75,629,636.75,1779,1111673.6,26-MAY-2017,196,INE519C01017
SUNCLAYLTD,EQ,4058,4112,4002,4092.4,4104.9,4059.9,1166,4741964.25,26-MAY-2017,340,INE105A01035
SUNDARAM,EQ,3.2,3.2,3.1,3.1,3.15,3.15,482904,1520991.4,26-MAY-2017,167,INE108E01023
SUNDARMFIN,EQ,1513.95,1513.95,1490,1497.9,1500,1499.8,6748,10108427.3,26-MAY-2017,998,INE660A01013
SUNDRMBRAK,EQ,453.3,472,446.05,465.3,470,452.8,6928,3176311.7,26-MAY-2017,469,INE073D01013
SUNDRMFAST,EQ,393.15,402.9,387.3,398,399,392.45,153355,60730494.85,26-MAY-2017,2905,INE387A01021
SUNFLAG,EQ,35.75,37.2,34.75,36.8,37.2,34.85,130519,4779584.9,26-MAY-2017,1006,INE947A01014
SUNILHITEC,EQ,12.65,14.2,12.55,13.3,13.3,12.5,4189905,56524146.15,26-MAY-2017,5511,INE305H01028
SUNPHARMA,EQ,590.6,597.85,564,567.65,565.75,591.55,10814562,6220043253.6,26-MAY-2017,153487,INE044A01036
SUNTECK,EQ,447,457.9,440.05,446.7,451,444.85,309712,138872462.65,26-MAY-2017,3629,INE805D01026
SUNTV,EQ,792,814.15,789,808.9,808.8,792.55,1007416,811959766.6,26-MAY-2017,21960,INE424H01027
SUPERHOUSE,EQ,148.5,152.25,148,150.5,150,149,4448,665605.45,26-MAY-2017,130,INE712B01010
SUPERSPIN,EQ,17,17.2,15.35,16.8,16.85,16.4,111041,1861143.3,26-MAY-2017,413,INE662A01027
SUPPETRO,EQ,379.05,394.7,379.05,391.6,389.5,380.75,31013,12061318.1,26-MAY-2017,3821,INE663A01017
SUPRAJIT,EQ,252.3,255.05,247,250.15,249.5,252.3,69214,17366743.6,26-MAY-2017,1666,INE399C01030
SUPREMEIND,EQ,1141.2,1157,1133,1147.7,1154,1130.4,44684,50910622.25,26-MAY-2017,5798,INE195A01028
SUPREMEINF,EQ,74.8,74.8,72.7,73.3,74.3,74.75,37764,2777488,26-MAY-2017,577,INE550H01011
SUPREMETEX,EQ,3.9,4.05,3.9,4,4,4,127881,508571.85,26-MAY-2017,91,INE651G01027
SURANAIND,BE,3.55,3.65,3.55,3.6,3.6,3.5,10234,37064.9,26-MAY-2017,16,INE659D01019
SURANASOL,EQ,21.2,21.55,20.8,21.1,21.15,21.2,112541,2383004.3,26-MAY-2017,484,INE272L01022
SURANAT&P,EQ,4.7,4.95,4.55,4.8,4.7,4.75,89733,435563,26-MAY-2017,78,INE130B01031
SURYALAXMI,EQ,105.65,108.8,105,107.95,108.3,107.45,12580,1352479.3,26-MAY-2017,219,INE713B01026
SURYAROSNI,EQ,266.85,275,265.6,272.15,273,265.85,199093,53965239.65,26-MAY-2017,4096,INE335A01012
SUTLEJTEX,EQ,913,919.45,910,911,910,906.1,1456,1327843.75,26-MAY-2017,106,INE645H01019
SUVEN,EQ,175,179.8,175,176.15,177,174.15,242807,43098959.5,26-MAY-2017,5108,INE495B01038
SUZLON,EQ,19.45,19.9,19.2,19.8,19.85,19.35,44853728,881749443.2,26-MAY-2017,31251,INE040H01021
SWANENERGY,EQ,128.7,131.5,125.25,129.55,130.5,125.1,308776,39678972.15,26-MAY-2017,7231,INE665A01038
SWARAJENG,EQ,1803.7,1849,1802,1840.25,1848.6,1825.95,4069,7457183.6,26-MAY-2017,1282,INE277A01016
SWELECTES,EQ,414.6,414.6,405.1,414.6,414.6,345.5,202992,84018312.25,26-MAY-2017,1992,INE409B01013
SYMPHONY,EQ,1322,1346.95,1321.15,1329.55,1323.05,1321,10819,14446385.2,26-MAY-2017,2188,INE225D01027
SYNCOM,EQ,5.7,6,5.65,5.75,5.75,5.6,102506,592137.05,26-MAY-2017,265,INE602K01014
SYNDIBANK,EQ,79.7,80.4,77.8,78.9,78.5,79.35,3821403,302469691.35,26-MAY-2017,12790,INE667A01018
SYNGENE,EQ,455.05,469.9,455.05,463.1,463,456.6,68748,31933548.05,26-MAY-2017,4660,INE398R01022
TAINWALCHM,EQ,70.4,72.85,68.6,70.25,70.95,70.5,5061,356261.7,26-MAY-2017,44,INE123C01018
TAJGVK,EQ,152.6,162.4,152.6,160.1,160.25,154.45,27749,4414784.65,26-MAY-2017,937,INE586B01026
TAKE,EQ,123.7,124.4,118.2,120.6,120.05,122.65,165232,20029145.65,26-MAY-2017,2560,INE142I01023
TALBROAUTO,EQ,181.65,187.7,181.45,184.75,184,180.7,63055,11636839.1,26-MAY-2017,1181,INE187D01011
TALWALKARS,EQ,272.2,275.5,268.65,273.75,272.05,272.2,38497,10499298.3,26-MAY-2017,929,INE502K01016
TANLA,EQ,38.3,39.45,38,38.15,38.15,38.3,450366,17361277.85,26-MAY-2017,1765,INE483C01032
TANTIACONS,BE,19.5,19.55,18.55,19.45,19.5,19.1,10117,195201.65,26-MAY-2017,58,INE388G01018
TARAJEWELS,EQ,28.5,31.85,28.5,31.15,31,29.05,184142,5641651.2,26-MAY-2017,1368,INE799L01016
TARAPUR,BE,7.3,7.35,7.3,7.35,7.35,7.45,613,4492.4,26-MAY-2017,2,INE747K01017
TARMAT,BE,43.25,44.9,43,43.1,43.1,43,1236,53971.45,26-MAY-2017,18,INE924H01018
TASTYBITE,EQ,5120,5260,4915,5179.35,5110,5012.35,1992,10303241.35,26-MAY-2017,217,INE488B01017
TATACHEM,EQ,617.3,625.95,606,610.4,609.45,615.25,1217053,748379313.35,26-MAY-2017,27245,INE092A01019
TATACOFFEE,EQ,127.8,130.75,126.65,130.05,130.15,126.75,426150,55107058.1,26-MAY-2017,3822,INE493A01027
TATACOMM,EQ,654.95,664.95,652,655.8,654.75,655.35,354679,233140348.5,26-MAY-2017,7410,INE151A01013
TATAELXSI,EQ,1332.1,1370.95,1331.95,1362.5,1361,1329.9,298034,404176099.5,26-MAY-2017,13683,INE670A01012
TATAGLOBAL,EQ,144,147.25,143.5,146.9,146.9,143.05,1417686,206813679.95,26-MAY-2017,10125,INE192A01025
TATAINVEST,EQ,640,665.85,640,663.65,665,644.6,27548,18131811,26-MAY-2017,1231,INE672A01018
TATAMETALI,EQ,649.85,664.8,647.7,659.85,661,645.35,192096,126424776.95,26-MAY-2017,4902,INE056C01010
TATAMOTORS,EQ,474.1,488.25,473.5,481.1,481,476,7692869,3715234350.9,26-MAY-2017,92823,INE155A01022
TATAMTRDVR,EQ,284.5,289.7,281.2,286.85,287.05,282.2,2721459,778524830,26-MAY-2017,45388,IN9155A01020
TATAPOWER,EQ,80.4,81.25,79.55,81.05,81.2,80.4,2377593,191466207.65,26-MAY-2017,14920,INE245A01021
TATASPONGE,EQ,820,856.7,820,837.25,834,829.4,206145,173762573.15,26-MAY-2017,5946,INE674A01014
TATASTEEL,EQ,486.9,514.85,485.65,511.75,511.3,484.7,16240203,8251845150.4,26-MAY-2017,196082,INE081A01012
TBZ,EQ,85.3,94.9,85.2,91.05,91.55,85.65,249997,22837195.8,26-MAY-2017,5056,INE760L01018
TCFSL,N8,1126.5,1126.5,1110,1110,1110,1115.01,201,224202,26-MAY-2017,4,INE306N07BM6
TCI,EQ,251,261.7,251,260.2,260,252.45,62469,16152496.3,26-MAY-2017,1877,INE688A01022
TCIDEVELOP,EQ,368.7,369,350,358.2,353,360.75,445,159155.7,26-MAY-2017,46,INE662L01016
TCIEXP,EQ,440.05,462.9,440.05,460.15,459.15,447.05,20513,9369616.45,26-MAY-2017,630,INE586V01016
TCIFINANCE,EQ,24.6,25.4,24.6,25.15,25.35,24.9,48380,1216192.25,26-MAY-2017,289,INE911B01018
TCS,EQ,2625,2626.85,2564.65,2578.25,2570.05,2624.6,681275,1766542910.7,26-MAY-2017,32170,INE467B01029
TDPOWERSYS,EQ,213,221.9,213,217.05,216.85,212.5,76757,16763476.9,26-MAY-2017,1336,INE419M01019
TEAMLEASE,EQ,1156.1,1165,1153.1,1155.65,1156.9,1155.4,1698,1966032.7,26-MAY-2017,252,INE985S01024
TECHM,EQ,428,434,420.15,429.15,430.55,426,2257516,964725298.55,26-MAY-2017,46658,INE669C01036
TECHNO,EQ,399,410.85,396.3,409.2,410.85,396.55,26439,10749221.3,26-MAY-2017,872,INE286K01024
TECHNOFAB,EQ,230,242.7,210.1,212.7,212.5,219.95,121315,27357918.1,26-MAY-2017,3488,INE509K01011
TERASOFT,EQ,76.55,78.4,76,77.7,77,77.55,13883,1073101.75,26-MAY-2017,296,INE482B01010
TEXINFRA,EQ,43.2,44,42.05,43.25,43.25,42.75,15897,687628.15,26-MAY-2017,176,INE435C01024
TEXMOPIPES,BE,21.5,22.35,20.85,22.35,22.35,21.3,77845,1726601.15,26-MAY-2017,175,INE141K01013
TEXRAIL,EQ,91.65,94.65,90.2,91.55,91.45,91.4,333737,30853430.5,26-MAY-2017,3515,INE621L01012
TFCILTD,EQ,99.5,102.9,99.05,101.7,101.45,99.25,612945,62230616.2,26-MAY-2017,4703,INE305A01015
TFL,BE,13.2,13.9,13.2,13.75,13.8,13.6,5612,75054,26-MAY-2017,22,INE804H01012
TGBHOTELS,EQ,60.75,63.1,60.4,61.8,61.8,60,205079,12690183.3,26-MAY-2017,2380,INE797H01018
THANGAMAYL,EQ,242.5,242.5,233,236.7,235.1,235.7,913,217336.25,26-MAY-2017,46,INE085J01014
THEMISMED,EQ,536.95,561.55,535,539.25,535,530,726,391624.05,26-MAY-2017,33,INE083B01016
THERMAX,EQ,990,1024,990,1015.3,1008,995.75,31488,31907216.5,26-MAY-2017,2468,INE152A01029
THIRUSUGAR,EQ,60.85,64,59.25,63.1,63,60.55,35296,2208498.15,26-MAY-2017,455,INE409A01015
THOMASCOOK,EQ,213,220.9,207.1,209.25,209.8,211.15,676481,144533566.3,26-MAY-2017,5408,INE332A01027
THYROCARE,EQ,703.95,715,698.45,711.05,708,699.45,9530,6747253.4,26-MAY-2017,975,INE594H01019
TI,EQ,11.95,11.95,11.65,11.8,11.75,11.7,76298,896534.55,26-MAY-2017,197,INE133E01013
TIDEWATER,EQ,5659.95,5720,5555.05,5670,5670,5619.8,1466,8311329.4,26-MAY-2017,602,INE484C01022
TIIL,EQ,450,469.7,434,437.15,437,437.9,13181,5853706,26-MAY-2017,365,INE545H01011
TIJARIA,BE,8.65,8.8,8.15,8.25,8.25,8.4,4940,41776.05,26-MAY-2017,18,INE440L01017
TIL,EQ,345.1,363,343.2,350,350,340.7,22844,8105194.2,26-MAY-2017,1209,INE806C01018
TIMESGTY,BE,32.05,34.65,32.05,33.05,33.05,33,868,29759.55,26-MAY-2017,10,INE289C01025
TIMETECHNO,EQ,130.45,136.6,130.45,133.9,134,132.55,798172,107130968.25,26-MAY-2017,11531,INE508G01029
TIMKEN,EQ,678,703,674.45,699.2,700,680.05,21350,14739220.95,26-MAY-2017,1767,INE325A01013
TINPLATE,EQ,86.7,91.5,86.45,88.9,89,86.6,321300,28713376.25,26-MAY-2017,2401,INE422C01014
TIPSINDLTD,EQ,60.1,61.95,60,60,60,59.95,1156,70167.25,26-MAY-2017,10,INE716B01011
TIRUMALCHM,EQ,852.15,871,852.15,854.85,856,852.15,17444,15022226.05,26-MAY-2017,958,INE338A01016
TITAN,EQ,464.8,477.95,462.9,473.45,471,463.9,1594613,748163103.9,26-MAY-2017,44946,INE280A01028
TMRVL,EQ,170,183.95,170,172.85,172.5,169.7,79455,14031460.5,26-MAY-2017,1264,INE759V01019
TNPETRO,EQ,38.6,43.6,37.65,42.65,43,38.85,491061,20335386.45,26-MAY-2017,3038,INE148A01019
TNPL,EQ,335,337,333.1,334.85,335,332.3,174822,58581622.25,26-MAY-2017,5649,INE107A01015
TOKYOPLAST,EQ,116.1,120.4,115.3,116.3,117.45,117.45,11658,1364936.8,26-MAY-2017,296,INE932C01012
TORNTPHARM,EQ,1225,1238.2,1201,1224.3,1224,1220.05,131941,161529989.5,26-MAY-2017,11216,INE685A01028
TORNTPOWER,EQ,197.95,198.05,193.2,194.6,193.5,198.7,684351,133536006.35,26-MAY-2017,16111,INE813H01021
TPLPLASTEH,EQ,577.15,605,558.6,583.4,580,578.6,63640,37254423.85,26-MAY-2017,1058,INE413G01014
TREEHOUSE,EQ,14.45,15,14.45,14.9,14.95,14.4,64400,953368.95,26-MAY-2017,319,INE040M01013
TRENT,EQ,243.95,248.5,240.65,247.25,246.55,243,137339,33965241.1,26-MAY-2017,3153,INE849A01020
TRF,EQ,221.35,251.95,220.25,243.6,243,219.95,292575,71316692.15,26-MAY-2017,8807,INE391D01019
TRIDENT,EQ,79.45,80.9,79.35,79.95,79.9,79.35,583603,46699630.45,26-MAY-2017,4491,INE064C01014
TRIGYN,EQ,141.85,144.5,136,137.6,137.5,141.6,89006,12452514.85,26-MAY-2017,1291,INE948A01012
TRIL,EQ,382.25,388.45,381,385.1,387,381.1,7769,2988498.4,26-MAY-2017,580,INE763I01018
TRITURBINE,EQ,135.5,138.5,133.75,137.35,136.5,135.45,53427,7328054.7,26-MAY-2017,2295,INE152M01016
TRIVENI,EQ,84.1,85,82.75,84.45,84.25,83.8,411769,34585878,26-MAY-2017,2364,INE256C01024
TTKHLTCARE,EQ,755.45,765,751.35,759.75,755.15,760,12054,9159910.25,26-MAY-2017,169,INE910C01018
TTKPRESTIG,EQ,6570,6599.75,6426.35,6469.8,6485,6501.1,20954,136143860.25,26-MAY-2017,1410,INE690A01010
TTL,EQ,63.95,66.25,62,64.5,64.3,62.75,24890,1609945.9,26-MAY-2017,312,INE592B01016
TTML,EQ,7,7.1,6.8,6.85,6.85,6.75,1957536,13473734.5,26-MAY-2017,1542,INE517B01013
TUBEINVEST,EQ,680,692,676.35,685.35,682,679.25,29435,20134840.15,26-MAY-2017,3796,INE149A01025
TULSI,EQ,3.9,3.95,3.75,3.8,3.75,3.95,18402,70292.3,26-MAY-2017,48,INE474I01012
TV18BRDCST,EQ,35.7,36.8,35.45,36.45,36.5,35.6,5795853,210281618.2,26-MAY-2017,12829,INE886H01027
TVSELECT,EQ,172.6,180,172.6,178.55,177.65,172.4,129549,22962377.3,26-MAY-2017,3646,INE236G01019
TVSMOTOR,EQ,545,549,533.3,534.6,535,543.05,1008828,545891496.5,26-MAY-2017,17177,INE494B01023
TVSSRICHAK,EQ,3899.95,3964.95,3881.95,3949,3950,3911,13167,51763576.7,26-MAY-2017,3084,INE421C01016
TVTODAY,EQ,255.7,256.75,252,253.3,253.9,254.8,127076,32229996.65,26-MAY-2017,2717,INE038F01029
TVVISION,EQ,229.15,238.7,229.1,235.45,231.95,229.35,62827,14737591.25,26-MAY-2017,946,INE871L01013
TWL,EQ,113.85,116.2,113.3,114.8,114.8,113.55,830003,95438075.7,26-MAY-2017,5780,INE615H01020
UBHOLDINGS,BE,25.5,26.3,25,26,26,25.25,42337,1096323.9,26-MAY-2017,180,INE696A01025
UBL,EQ,780,799.5,777.7,786.75,784.2,779.45,122009,96160771.75,26-MAY-2017,3830,INE686F01025
UCALFUEL,EQ,208,214.95,208,212.15,213,208.9,37163,7880375.65,26-MAY-2017,972,INE139B01016
UCOBANK,EQ,35.8,36.45,35.6,36.05,36,35.6,411028,14856151,26-MAY-2017,2061,INE691A01018
UFLEX,EQ,346.1,355.9,344.95,352.55,353.8,343,235955,82907600.95,26-MAY-2017,5632,INE516A01017
UFO,EQ,385,395,382.85,386.3,385,380.15,59699,23196035.55,26-MAY-2017,3135,INE527H01019
UGARSUGAR,EQ,32.7,32.7,31.25,31.5,31.6,32.1,454352,14398571.75,26-MAY-2017,1973,INE071E01023
UJAAS,EQ,33.8,36.1,33.75,35.2,35.25,33.65,1169838,40841036.45,26-MAY-2017,6188,INE899L01022
UJJIVAN,EQ,314.1,321.7,308.05,309.6,309,314.1,1310665,411138222.55,26-MAY-2017,14644,INE334L01012
ULTRACEMCO,EQ,4161,4216.9,4141.7,4154.4,4155,4162.4,235032,979670930.2,26-MAY-2017,19588,INE481G01011
UMANGDAIRY,EQ,81.95,81.95,80.25,80.95,81,81,14805,1199657,26-MAY-2017,256,INE864B01027
UMESLTD,EQ,2.55,2.55,2.55,2.55,2.55,2.55,750,1912.5,26-MAY-2017,4,INE240C01028
UNICHEMLAB,EQ,251.9,253.4,244,245.8,247,251.5,70061,17415071.1,26-MAY-2017,2288,INE351A01035
UNIENTER,EQ,79.2,81.7,79,80.5,80.9,80,7569,607795.95,26-MAY-2017,59,INE037A01022
UNIONBANK,EQ,164.5,165.5,160.65,161.15,161.15,164.3,4576657,744084088.4,26-MAY-2017,23950,INE692A01016
UNIPLY,BE,327.9,334.5,320,332.25,333,325.25,7445,2446123.4,26-MAY-2017,109,INE950G01015
UNITECH,EQ,5.45,5.6,5.4,5.55,5.55,5.4,10391659,57674567.9,26-MAY-2017,4643,INE694A01020
UNITEDBNK,EQ,20.3,20.5,19.85,19.9,20,20,1348798,27110796.5,26-MAY-2017,2825,INE695A01019
UNITEDTEA,EQ,320.35,324.4,311,314,314,313.05,612,192142.05,26-MAY-2017,22,INE458F01011
UNITY,EQ,7.35,7.9,7.35,7.5,7.6,7.35,92957,702684.85,26-MAY-2017,208,INE466H01028
UNIVCABLES,EQ,92.9,94.45,90.25,93.35,93.9,92,61329,5688700.2,26-MAY-2017,481,INE279A01012
UPL,EQ,806.2,843,805.4,837.6,836.2,810.35,795062,657010750.4,26-MAY-2017,15013,INE628A01036
UPL,Q1,18,18.4,18,18.4,18.4,17,400,7353.2,26-MAY-2017,3,INE628A03024
URJA,BE,1.05,1.1,1.05,1.1,1.05,1.1,47083,50370.5,26-MAY-2017,35,INE550C01020
USHAMART,EQ,18.1,18.85,18.1,18.8,18.75,17.95,448742,8327164.2,26-MAY-2017,902,INE228A01035
USHERAGRO,EQ,7.95,8.1,7.75,7.95,8.1,7.8,56929,449072.9,26-MAY-2017,146,INE235G01011
UTINIFTETF,EQ,969,977,969,977,977,969.01,77,74846,26-MAY-2017,5,INF789FB1X41
UTISENSETF,EQ,315,316,314.95,316,316,313.35,40,12619.05,26-MAY-2017,4,INF789FB1X58
UTTAMSTL,EQ,30.2,31.7,30.2,31.3,31.4,30.5,235080,7357918.7,26-MAY-2017,1371,INE699A01011
UTTAMSUGAR,EQ,126.95,128.7,125.05,125.45,125.5,126.2,28593,3609844.45,26-MAY-2017,352,INE786F01031
UVSL,BE,0.55,0.6,0.5,0.55,0.55,0.55,365313,200984.4,26-MAY-2017,45,INE292A01023
V2RETAIL,EQ,213.75,242.6,211.25,231.75,231.05,211.9,685430,159577633.7,26-MAY-2017,12638,INE945H01013
VADILALIND,EQ,865,898,865,881.55,882,869.5,24037,21306356.65,26-MAY-2017,1322,INE694D01016
VAIBHAVGBL,BE,519.95,528,499.65,501.85,504,513.5,9077,4593643,26-MAY-2017,116,INE884A01019
VAKRANGEE,EQ,354,354.95,350.15,351.95,350.95,352.55,1794555,631314884.95,26-MAY-2017,13970,INE051B01021
VALUEIND,EQ,9.1,9.5,8.65,9.1,9.2,8.7,52052,478198.55,26-MAY-2017,235,INE352A01017
VARDHACRLC,EQ,48.65,49.8,46.5,47.25,47.3,49,143884,6851944.25,26-MAY-2017,414,INE116G01013
VARDMNPOLY,EQ,67.45,67.8,64.8,65.3,65,67.4,630487,41626267,26-MAY-2017,5485,INE835A01011
VASCONEQ,EQ,51.95,53.1,51.5,51.95,52,51.9,762255,39877579.55,26-MAY-2017,2725,INE893I01013
VASWANI,EQ,10.9,10.9,9.6,9.7,9.85,10.1,16534,161491.05,26-MAY-2017,68,INE590L01019
VBL,EQ,487.75,490,480,487.1,483.75,482.8,20566,9958279.3,26-MAY-2017,1390,INE200M01013
VEDL,EQ,233.45,245.9,231.6,242.65,242.25,232.6,18369278,4424669202.8,26-MAY-2017,95062,INE205A01025
VENKEYS,EQ,1192,1240.9,1184.35,1240.9,1240.9,1181.85,96485,118055910.5,26-MAY-2017,4856,INE398A01010
VENUSREM,EQ,95.95,98.4,95.95,97.1,96.35,96.5,40689,3952674.6,26-MAY-2017,1409,INE411B01019
VESUVIUS,EQ,1230,1279.8,1230,1255.55,1245,1225.8,3663,4634304.7,26-MAY-2017,599,INE386A01015
VETO,EQ,155.05,165,154.1,164.35,163.9,156.2,41159,6668946.15,26-MAY-2017,769,INE918N01018
VGUARD,EQ,182,186.9,182,183.85,184,181.95,1143589,211682829.3,26-MAY-2017,31265,INE951I01027
VHL,EQ,3216.3,3274,3180,3206.85,3223.95,3214.65,723,2325098.35,26-MAY-2017,224,INE701A01023
VICEROY,EQ,20.6,21.35,20.25,20.95,20.8,20.5,102524,2140779.2,26-MAY-2017,429,INE048C01017
VIDEOIND,EQ,47.85,47.85,47.85,47.85,47.85,53.15,129517,6197388.45,26-MAY-2017,981,INE703A01011
VIDHIING,EQ,54.75,55.9,54,55.25,55.25,54.2,30032,1653688,26-MAY-2017,225,INE632C01026
VIJAYABANK,EQ,78.3,80.4,78,79.9,79.55,78.6,961337,76518703.2,26-MAY-2017,5127,INE705A01016
VIJIFIN,BE,5.6,5.6,5.6,5.6,5.6,5.65,102,571.2,26-MAY-2017,2,INE159N01027
VIJSHAN,EQ,16.45,16.9,15.95,16.15,16.05,15.75,48402,789534.65,26-MAY-2017,299,INE806F01011
VIKASECO,EQ,22.45,24.2,22.45,23.95,24.1,22.1,2201102,51972928.25,26-MAY-2017,5929,INE806A01020
VIMALOIL,BE,40.45,40.45,37.3,39.85,39.85,39.1,238,9224.65,26-MAY-2017,13,INE067D01015
VIMTALABS,EQ,120.35,121.2,118.65,119.45,118.9,119.9,44308,5311113.5,26-MAY-2017,555,INE579C01029
VINATIORGA,EQ,834.85,865,828.8,859.9,851,825.05,19362,16438657.1,26-MAY-2017,1509,INE410B01029
VINDHYATEL,EQ,704.7,713.85,694.5,701.05,702.5,698.05,12075,8457502.3,26-MAY-2017,654,INE707A01012
VINYLINDIA,EQ,68,69.5,67.05,68.55,68.7,68.8,20874,1423429.05,26-MAY-2017,337,INE250B01029
VIPCLOTHNG,EQ,60.3,65,60.3,63.2,62.8,61.6,421624,26879939.65,26-MAY-2017,2873,INE450G01024
VIPIND,EQ,188.7,196.75,187,193.75,193.8,187.55,227242,43816190.9,26-MAY-2017,5012,INE054A01027
VIPULLTD,EQ,87.5,87.55,83.05,84.45,83.3,84.95,170048,14532772.55,26-MAY-2017,1667,INE946H01037
VISAKAIND,EQ,361.7,364.15,356.5,357.45,356.5,358.15,32082,11595783.6,26-MAY-2017,805,INE392A01013
VISASTEEL,EQ,24.2,27,24.2,25.7,25.8,24.85,174624,4565151.85,26-MAY-2017,1020,INE286H01012
VISESHINFO,BE,0.15,0.15,0.1,0.15,0.15,0.15,417669,60670,26-MAY-2017,56,INE861A01058
VISHNU,EQ,241,248.45,238,245.5,247.35,239.9,3320,810274.75,26-MAY-2017,148,INE270I01014
VIVIDHA,EQ,1.35,1.35,1.2,1.25,1.2,1.4,5651303,7257205.8,26-MAY-2017,1240,INE370E01029
VIVIMEDLAB,EQ,114,116.05,109.1,110.75,109.8,114.7,1393469,156586119.35,26-MAY-2017,14973,INE526G01021
VLSFINANCE,EQ,64.35,66.5,63.35,63.8,63.9,64.5,61377,3983635.25,26-MAY-2017,769,INE709A01018
VMART,EQ,947.75,1031.95,937.15,1000.5,1002,942.5,44736,44621849.25,26-MAY-2017,3747,INE665J01013
VOLTAMP,EQ,1230.05,1280,1221.8,1236.1,1234.05,1235.7,20534,25606094.6,26-MAY-2017,1691,INE540H01012
VOLTAS,EQ,470.1,501.75,470.1,498.5,499.75,474.75,7060217,3492226766.05,26-MAY-2017,72145,INE226A01021
VRLLOG,EQ,310,315,308.35,313.7,312.55,308.75,48657,15203021.75,26-MAY-2017,1489,INE366I01010
VSSL,EQ,107,107,102.55,105.95,105.8,103.9,89861,9452422.65,26-MAY-2017,719,INE050M01012
VSTIND,EQ,3099,3190,3099,3130.15,3134,3100.1,476,1499237.35,26-MAY-2017,214,INE710A01016
VSTTILLERS,EQ,1901.4,1949,1876.3,1923.4,1920,1928.45,5818,11158513.5,26-MAY-2017,1224,INE764D01017
VTL,EQ,1291.05,1314,1285,1293.95,1300,1300.5,48199,62620137.95,26-MAY-2017,4091,INE825A01012
WABAG,EQ,688.95,698.5,670,674.95,674,682.5,194577,133746663.25,26-MAY-2017,8191,INE956G01038
WABCOINDIA,EQ,5772,6030,5772,5940.05,5900,5796.55,8582,51114073.95,26-MAY-2017,2758,INE342J01019
WALCHANNAG,EQ,174.05,181.45,174,175.75,175.3,175.2,267996,47650911.35,26-MAY-2017,2963,INE711A01022
WANBURY,BE,50.05,51.35,48.05,49.65,49.3,49.75,5944,294846.3,26-MAY-2017,41,INE107F01022
WEBELSOLAR,BE,129.5,132.75,127.75,129.6,128.15,126.45,374508,49158904.7,26-MAY-2017,1369,INE855C01015
WEIZFOREX,EQ,604.1,645,603.95,631.55,632,603.95,19365,12084695.8,26-MAY-2017,1259,INE726L01019
WEIZMANIND,EQ,42.3,42.3,42.3,42.3,42.3,40.3,2443,103338.9,26-MAY-2017,14,INE080A01014
WELCORP,EQ,89.95,90.95,88.7,89.45,89,88.15,382398,34372823.6,26-MAY-2017,4482,INE191B01025
WELENT,EQ,86.25,90.65,86.15,90,90.2,87,255814,22918414,26-MAY-2017,1483,INE625G01013
WELINV,EQ,91,91,89.5,90,90,90,726,65366.5,26-MAY-2017,15,INE389K01018
WELSPUNIND,EQ,84,84.7,82.55,84.1,83.7,82.95,385599,32431999.15,26-MAY-2017,2628,INE192B01031
WENDT,EQ,2238.95,2238.95,2180,2201.25,2185,2185,215,475152.8,26-MAY-2017,68,INE274C01019
WHEELS,EQ,1335,1335,1301,1310.8,1312.05,1325.9,185,242527.95,26-MAY-2017,98,INE715A01015
WHIRLPOOL,EQ,1150.95,1199,1150.95,1190.5,1184,1148.9,41550,49346288.9,26-MAY-2017,4029,INE716A01013
WILLAMAGOR,BE,70.7,73.9,69.4,72,73,71.95,4971,354862.75,26-MAY-2017,50,INE210A01017
WINDMACHIN,EQ,58.2,62.45,57.5,57.9,58.4,57.95,53679,3180498.1,26-MAY-2017,466,INE052A01021
WINSOME,EQ,1.85,1.9,1.85,1.9,1.9,1.9,10200,18880,26-MAY-2017,5,INE784B01035
WIPL,BE,61,66.7,61,66.7,66.7,63.55,4044,254020.7,26-MAY-2017,17,INE215F01023
WIPRO,EQ,534,544.9,531.6,539,540,536.45,1456096,786843799.65,26-MAY-2017,40407,INE075A01022
WOCKPHARMA,EQ,579.8,594.9,573.7,584.9,586.1,574.7,765652,447872550.8,26-MAY-2017,15296,INE049B01025
WONDERLA,EQ,373.8,374,363.5,371.65,374,361.8,71914,26595887.55,26-MAY-2017,1479,INE066O01014
WSI,EQ,8.35,8.6,8.1,8.4,8.55,8.5,11370,94533.95,26-MAY-2017,46,INE100D01014
WSTCSTPAPR,EQ,190.5,211,190.3,204.75,205.5,189.2,862868,175292847.2,26-MAY-2017,14172,INE976A01021
XCHANGING,EQ,60.95,63.3,60.2,62.35,62.6,60.6,196661,12267732.7,26-MAY-2017,1214,INE692G01013
XLENERGY,EQ,2.25,2.25,2.25,2.25,2.25,2.8,100,225,26-MAY-2017,2,INE183H01011
XPROINDIA,EQ,47.95,48,46.95,47.25,47.5,46.9,21276,1003979.15,26-MAY-2017,111,INE445C01015
YESBANK,EQ,1469.8,1500,1455.05,1493.6,1492,1464.25,2496569,3721855349.8,26-MAY-2017,69840,INE528G01019
ZANDUREALT,EQ,1268,1281.95,1262,1272.45,1275,1266.5,533,677608.2,26-MAY-2017,135,INE719A01017
ZEEL,EQ,510,522.7,509.6,519,520.5,512,1142694,592455041.6,26-MAY-2017,28748,INE256A01028
ZEEL,P2,9.45,9.5,9.45,9.5,9.5,9.45,13413,126887,26-MAY-2017,18,INE256A04022
ZEELEARN,EQ,42.8,44.3,42.8,44,43.85,42.7,177308,7774180.65,26-MAY-2017,1169,INE565L01011
ZEEMEDIA,EQ,36.45,37.05,36.1,36.35,36.45,36.15,548578,20013865.9,26-MAY-2017,1561,INE966H01019
ZENITHBIR,EQ,0.55,0.65,0.55,0.65,0.65,0.6,11098,7103.7,26-MAY-2017,5,INE318D01020
ZENITHEXPO,BE,54.5,54.5,54.5,54.5,54.5,54.7,990,53955,26-MAY-2017,1,INE058B01018
ZENSARTECH,EQ,899,902,869.8,879.35,874,886.6,6259,5566766,26-MAY-2017,802,INE520A01019
ZENTEC,EQ,55.45,56.85,55,56.05,56.1,54.85,103981,5810053.55,26-MAY-2017,762,INE251B01027
ZICOM,EQ,33,33.95,33,33.6,33.5,33.25,25240,848830.45,26-MAY-2017,304,INE871B01014
ZODIACLOTH,EQ,214.2,216.1,210.85,215.95,215,206,1491,317312.65,26-MAY-2017,85,INE206B01013
ZODJRDMKJ,EQ,30.85,30.85,29.5,30.5,30.5,29.4,696,21110.55,26-MAY-2017,30,INE077B01018
ZOTA,SM,130,131.9,130,130.6,130.6,130.2,60000,7838250,26-MAY-2017,60,INE358U01012
ZUARI,EQ,394.15,407.9,394.15,403.55,401.75,396.25,43178,17379730.55,26-MAY-2017,1026,INE840M01016
ZUARIGLOB,EQ,132.2,136.35,132.2,135.75,136.35,131.9,9383,1261522.8,26-MAY-2017,215,INE217A01012
ZYDUSWELL,EQ,826.15,839.3,826,831.5,830,826.15,1619,1344698.25,26-MAY-2017,185,INE768C01010
ZYLOG,EQ,4.6,4.8,4.55,4.6,4.6,4.65,30949,144374,26-MAY-2017,55,INE225I01026
