SYMBOL,SERIES,OPEN,HIGH,LOW,CLOSE,LAST,PREVCLOSE,TOTTRDQTY,TOTTRDVAL,TIMESTAMP,TOTALTRADES,ISIN
20MICRONS,EQ,39,40.1,38.1,38.4,38.8,39.45,30713,1199504.75,08-MAR-2019,376,INE144J01027
21STCENMGM,EQ,18.15,18.75,18.15,18.15,18.15,18.5,1617,29496.35,08-MAR-2019,35,INE253B01015
3IINFOTECH,EQ,3.7,3.7,3.55,3.6,3.6,3.65,1764228,6345003.25,08-MAR-2019,633,INE748C01020
3MINDIA,EQ,23988.1,24973.95,23962.4,24848.15,24850,23834.5,6591,161240821.2,08-MAR-2019,2594,INE470A01017
3PLAND,EQ,11.1,11.1,10.5,10.95,10.55,10.6,563,6137.1,08-MAR-2019,14,INE105C01023
5PAISA,EQ,225,230.95,223.3,225.35,225,227.1,2373,535302.75,08-MAR-2019,156,INE618L01018
63MOONS,EQ,83,83.35,81,81.15,81.3,83.05,133495,10935037.3,08-MAR-2019,1873,INE111B01023
8KMILES,EQ,107.9,110.7,107,108.15,107.7,108.05,146825,15944481.8,08-MAR-2019,1983,INE650K01021
A2ZINFRA,BE,18,18,17.35,17.45,17.35,18.25,408580,7110179.2,08-MAR-2019,456,INE619I01012
AAKASH,SM,18.6,20.15,18.6,20,20,17.1,12000,233700,08-MAR-2019,6,INE087Z01016
AARON,SM,44,44,44,44,44,42.05,3000,132000,08-MAR-2019,1,INE721Z01010
AARTIDRUGS,EQ,634,684,631,673.2,674,634.65,73146,48603664.2,08-MAR-2019,3989,INE767A01016
AARTIIND,EQ,1484.05,1520,1466,1474.55,1474,1484.05,114972,171851980.1,08-MAR-2019,11493,INE769A01020
AARVEEDEN,EQ,23.55,25.7,23.2,23.65,23.5,23.6,17612,424030.4,08-MAR-2019,389,INE273D01019
AAVAS,EQ,1234,1249,1170.5,1239.8,1239.95,1226.2,225543,275939461,08-MAR-2019,7792,INE216P01012
ABAN,EQ,73.85,76.6,70.7,75.05,74.75,73.65,1680981,124804769.95,08-MAR-2019,14535,INE421A01028
ABB,EQ,1271,1279.75,1248.8,1266,1266,1270.7,125797,158356894.95,08-MAR-2019,7391,INE117A01022
ABBOTINDIA,EQ,7345,7390,7281.4,7363.85,7345,7280.65,3337,24520628.05,08-MAR-2019,501,INE358A01014
ABCAPITAL,EQ,98.4,101,98.25,100,100,98.5,3025599,301973369.75,08-MAR-2019,25843,INE674K01013
ABFRL,EQ,223.7,227.05,222.05,223.4,223.1,223.7,1397701,312907160.5,08-MAR-2019,10858,INE647O01011
ABGSHIP,BZ,1.75,1.75,1.75,1.75,1.75,1.7,49410,86467.5,08-MAR-2019,52,INE067H01016
ABSLNN50ET,EQ,250.1,293.9,250.1,293.9,293.9,284,154,45123.6,08-MAR-2019,5,INF209KB1B87
ACC,EQ,1555.15,1579.95,1545,1574.55,1577.4,1555.05,847268,1327682593.95,08-MAR-2019,38976,INE012A01025
ACCELYA,EQ,935.7,945.55,925.25,931.7,934.3,935.7,3203,2991058.35,08-MAR-2019,429,INE793A01012
ACE,EQ,96.2,97.95,93.75,96.25,95.8,96.1,267469,25613513.35,08-MAR-2019,4431,INE731H01025
ACEINTEG,SM,24,24,23.25,23.25,23.25,23,33000,773250,08-MAR-2019,3,INE543V01017
ADANIENT,EQ,135.75,139.35,135.4,138.2,137.55,136.9,3681442,506327795.5,08-MAR-2019,26547,INE423A01024
ADANIGAS,EQ,115.2,116,113.5,114.75,114.5,115.2,463357,53185990.65,08-MAR-2019,3425,INE399L01023
ADANIGREEN,EQ,35.6,35.95,34.7,35,35.05,35.6,552247,19383505.8,08-MAR-2019,1703,INE364U01010
ADANIPORTS,EQ,340.9,342.95,338.1,342.15,341.5,340.9,2265000,771757015.4,08-MAR-2019,23041,INE742F01042
ADANIPOWER,EQ,50.4,50.75,49.35,50,49.7,50.4,11908805,595495238,08-MAR-2019,16392,INE814H01011
ADANITRANS,EQ,204.65,210.55,204.1,206.8,207.9,204.65,152933,31804457.3,08-MAR-2019,6985,INE931S01010
ADFFOODS,EQ,260.15,260.15,250.5,252.85,252.2,259.5,15662,3977154.85,08-MAR-2019,747,INE982B01019
ADHUNIK,EQ,1.8,1.8,1.8,1.8,1.8,1.75,7004,12607.2,08-MAR-2019,14,INE400H01019
ADHUNIKIND,EQ,54.4,55,53,53.25,53,53.2,18670,1009424.2,08-MAR-2019,109,INE452L01012
ADLABS,EQ,9.25,9.4,8.85,9,9,9.1,131314,1188435.35,08-MAR-2019,355,INE172N01012
ADORWELD,EQ,348.75,356,339.05,340.5,340,345.6,7056,2423355.95,08-MAR-2019,414,INE045A01017
ADROITINFO,EQ,19.2,20.75,18.1,20.3,20,19.6,4960,97725.75,08-MAR-2019,72,INE737B01033
ADSL,EQ,14.5,16,13.9,14.95,14.95,14.2,175058,2601210.75,08-MAR-2019,567,INE102I01027
ADVANIHOTR,EQ,65.15,72.5,64.15,69.2,68.95,66.3,15085,1031246.55,08-MAR-2019,223,INE199C01026
ADVENZYMES,EQ,162.7,195.45,162.6,189.95,191.5,162.9,12724394,2327770149.75,08-MAR-2019,59075,INE837H01020
AEGISCHEM,EQ,204.8,208.85,203,206.1,205.1,202.4,175783,36249756.25,08-MAR-2019,6557,INE208C01025
AGARIND,EQ,169.15,173.95,168.15,172.9,173.5,171.2,12905,2230901.55,08-MAR-2019,74,INE204E01012
AGCNET,EQ,108,112,108,110.1,110,107.9,9339,1036095.25,08-MAR-2019,64,INE676A01019
AGLSL,EQ,62.95,63,60.25,60.45,60.4,60.95,30649,1854777.65,08-MAR-2019,167,INE517U01013
AGRITECH,EQ,52.15,53.5,51.1,51.6,51.25,52.4,3197,165676.05,08-MAR-2019,91,INE449G01018
AGROPHOS,EQ,68,68,55,58.7,57.2,56.75,56523,3301539.55,08-MAR-2019,179,INE740V01019
AHLADA,SM,107,107.5,107,107.5,107.5,110.25,2000,214500,08-MAR-2019,2,INE00PV01013
AHLEAST,EQ,243.05,248,232.45,243.5,240,240.05,632,153271.05,08-MAR-2019,146,INE926K01017
AHLUCONT,EQ,320,322.2,316,320,320,320.05,13572,4341509.75,08-MAR-2019,343,INE758C01029
AHLWEST,EQ,358.95,358.95,342.05,342.05,342.05,338,31,10774.55,08-MAR-2019,4,INE915K01010
AIAENG,EQ,1781.15,1840,1781.15,1829.8,1826,1790.1,8515,15505462.8,08-MAR-2019,1400,INE212H01026
AIFL,BE,18.6,18.6,16.9,16.9,16.9,17.75,165178,2943706,08-MAR-2019,390,INE428O01016
AIONJSW,EQ,30.95,30.95,29.75,29.75,29.75,30,24516,733001.1,08-MAR-2019,150,INE743C01021
AIRAN,SM,59.9,59.9,59.8,59.9,59.9,60,7500,449000,08-MAR-2019,3,INE645W01026
AIROLAM,SM,26.9,30.9,26.9,30.45,30.9,29.85,81000,2346600,08-MAR-2019,9,INE801L01010
AISL,SM,65.15,71.95,65.15,68,68,67.5,9600,656340,08-MAR-2019,6,INE635Y01015
AJANTPHARM,EQ,971.9,972,945.5,956.4,958.5,973.45,950296,906477411.1,08-MAR-2019,23866,INE031B01049
AJMERA,EQ,175.4,178.4,172.3,172.75,173.9,174.2,87080,15221437.25,08-MAR-2019,2033,INE298G01027
AJOONI,SM,23.75,23.75,23.75,23.75,23.75,23.15,4000,95000,08-MAR-2019,1,INE820Y01013
AKASH,SM,42.5,42.5,42.5,42.5,42.5,42.45,2000,85000,08-MAR-2019,1,INE737W01013
AKG,SM,33.7,33.7,33.5,33.5,33.5,33.5,16000,537600,08-MAR-2019,4,INE00Y801016
AKSHARCHEM,EQ,352.35,352.4,337,340.75,337,346.7,1003,343564.75,08-MAR-2019,101,INE542B01011
AKSHOPTFBR,EQ,20.8,20.9,20,20.15,20.1,20.95,623351,12691594.95,08-MAR-2019,2298,INE523B01011
AKZOINDIA,EQ,1753.45,1770,1692.1,1711.2,1692.1,1753.45,35958,61948477.65,08-MAR-2019,1089,INE133A01011
ALANKIT,EQ,28,28,26.4,27.5,27.2,27.75,517221,14281386.4,08-MAR-2019,1586,INE914E01040
ALBERTDAVD,EQ,420.55,420.55,410.2,417.6,420,420.55,2619,1087702.7,08-MAR-2019,156,INE155C01010
ALBK,EQ,54,58.4,53.75,57.6,57.35,54.85,29133782,1657107252.4,08-MAR-2019,58756,INE428A01015
ALCHEM,BE,1.9,1.9,1.8,1.9,1.9,1.85,462,875.45,08-MAR-2019,12,INE964B01033
ALEMBICLTD,EQ,42.95,43,41.8,41.85,42.1,42.75,151412,6377972.6,08-MAR-2019,855,INE426A01027
ALICON,EQ,577.95,584.95,573.95,579.15,581.5,572.05,303,175666,08-MAR-2019,47,INE062D01024
ALKALI,EQ,49.3,50.5,46.45,49.6,49.15,50.3,9264,454286.9,08-MAR-2019,209,INE773I01017
ALKEM,EQ,1752.55,1767.7,1745.95,1750,1750,1750.15,41793,73184028.1,08-MAR-2019,7616,INE540L01014
ALKYLAMINE,EQ,796.85,810,790,807,810,791.6,7519,6025782.25,08-MAR-2019,374,INE150B01021
ALLCARGO,EQ,107.4,108.85,104,104.25,104.4,107.8,234034,24685464.85,08-MAR-2019,2625,INE418H01029
ALLSEC,EQ,189.75,189.95,185,186.45,187.95,189.2,21755,4102114.55,08-MAR-2019,155,INE835G01018
ALMONDZ,EQ,23,23,22.55,22.8,22.8,23,143,3243.6,08-MAR-2019,7,INE326B01027
ALOKTEXT,EQ,3.75,3.95,3.75,3.85,3.8,3.7,3294746,12612418.5,08-MAR-2019,1153,INE270A01011
ALPA,EQ,24.25,24.8,24,24.15,24.35,24.25,12248,296009.05,08-MAR-2019,164,INE385I01010
ALPHAGEO,EQ,460,462,450.15,458.15,459.4,460.1,6115,2788552.7,08-MAR-2019,444,INE137C01018
AMARAJABAT,EQ,745,745.25,732.2,738.7,738.35,742.6,171908,126868306.8,08-MAR-2019,7447,INE885A01032
AMBER,EQ,750,755,725,729.2,730,743.95,12280,9067642.8,08-MAR-2019,3147,INE371P01015
AMBIKCO,EQ,1150,1150,1133.1,1142.5,1141,1148.1,1747,1998256.55,08-MAR-2019,201,INE540G01014
AMBUJACEM,EQ,221.3,227.1,220.55,226.15,226.75,221.2,2803088,627818270.6,08-MAR-2019,25394,INE079A01024
AMDIND,EQ,23.5,23.75,22.45,23.35,23.1,24.2,1109,25433.05,08-MAR-2019,45,INE005I01014
AMJLAND,EQ,20.8,20.85,20.05,20.35,20.05,20.65,5592,114641.25,08-MAR-2019,58,INE606A01024
AMRUTANJAN,EQ,315.45,316.5,307.55,310.3,308,312.15,22572,7016426.75,08-MAR-2019,952,INE098F01031
ANANTRAJ,EQ,34.2,34.2,33.4,33.65,33.6,34.25,298611,10120658.85,08-MAR-2019,1010,INE242C01024
ANDHRABANK,EQ,27,27.2,26.55,26.65,26.7,26.7,1011951,27182978.25,08-MAR-2019,2385,INE434A01013
ANDHRACEMT,EQ,6.25,6.35,5.7,6,5.95,6.25,255160,1513010.45,08-MAR-2019,585,INE666E01012
ANDHRSUGAR,EQ,365.85,370.9,352.05,354.9,353.95,366.45,55140,19871744.45,08-MAR-2019,1505,INE715B01013
ANGIND,BE,1.15,1.2,1.15,1.15,1.2,1.15,14667,17572.9,08-MAR-2019,25,INE017D01010
ANIKINDS,EQ,16.75,17,16.7,16.8,16.7,17.3,4846,81446.3,08-MAR-2019,32,INE087B01017
ANKITMETAL,BE,0.45,0.5,0.45,0.5,0.5,0.5,18663,9279.75,08-MAR-2019,14,INE106I01010
ANSALAPI,EQ,11.4,11.6,11.15,11.3,11.35,11.35,303180,3414605.5,08-MAR-2019,236,INE436A01026
ANSALHSG,BE,12.5,13.1,12.2,12.7,12.65,12.8,40375,508913.55,08-MAR-2019,134,INE880B01015
ANTGRAPHIC,BE,0.45,0.5,0.45,0.5,0.5,0.5,22689,10470.35,08-MAR-2019,14,INE414B01021
ANUP,BE,573,573,519.6,548.8,555,546.9,449000,244065627.8,08-MAR-2019,22878,INE294Z01018
APARINDS,EQ,666,666,640,646.15,642.3,655,2206,1439495.85,08-MAR-2019,271,INE372A01015
APCL,EQ,138.1,140,133,134.95,135,138.45,2545,346639.05,08-MAR-2019,81,INE071F01012
APCOTEXIND,EQ,465.25,468,462.5,466.7,467.45,462.4,5625,2616101,08-MAR-2019,245,INE116A01024
APEX,EQ,352.8,359.2,343,345.1,344,352.15,91512,32218360.5,08-MAR-2019,3318,INE346W01013
APLAPOLLO,EQ,1430,1430,1380.05,1390.1,1383,1399.7,13993,19421154.25,08-MAR-2019,902,INE702C01019
APLLTD,EQ,540,545.85,540,543.8,544.9,544.15,29085,15817884.4,08-MAR-2019,3072,INE901L01018
APOLLO,EQ,109.2,110,107.05,108.1,108.05,108.6,15565,1686237.05,08-MAR-2019,587,INE713T01010
APOLLOHOSP,EQ,1186,1188.45,1167,1171.9,1171.5,1186.95,268170,314804238.7,08-MAR-2019,14599,INE437A01024
APOLLOTYRE,EQ,215.4,216.85,211.5,212.3,213.05,216.5,1554812,332604071.35,08-MAR-2019,22271,INE438A01022
APOLSINHOT,BE,951,991.9,929,936.7,931,961.9,1178,1117814.9,08-MAR-2019,43,INE451F01024
APTECHT,EQ,178.4,180.5,175.5,176.2,176.75,179.15,192656,34255334,08-MAR-2019,3542,INE266F01018
ARCHIDPLY,EQ,43.95,43.95,41.75,42.1,41.95,43.65,14764,626476.85,08-MAR-2019,265,INE877I01016
ARCHIES,EQ,24.3,24.85,24.25,24.35,24.5,24.55,21216,518353.9,08-MAR-2019,147,INE731A01020
ARCOTECH,EQ,6.3,6.3,6.3,6.3,6.3,6,22196,139834.8,08-MAR-2019,39,INE574I01035
ARIES,EQ,80.15,80.85,79.75,79.95,79.9,81.05,18674,1495792.35,08-MAR-2019,325,INE298I01015
ARIHANT,EQ,29.3,30.9,28.35,29.55,28.6,30,4351,130096.1,08-MAR-2019,21,INE413D01011
ARIHANTSUP,EQ,64.55,66.25,58.7,59.95,60,64.55,62897,3909766.3,08-MAR-2019,3022,INE643K01018
ARMANFIN,EQ,374.95,375,370,371.8,371.95,368.45,1883,704835.15,08-MAR-2019,58,INE109C01017
AROGRANITE,EQ,51.85,51.85,49.75,50.45,50.6,49.9,5140,257952.1,08-MAR-2019,55,INE210C01013
ARROWGREEN,BE,76,79,76,76.5,76.5,77.65,13580,1054625,08-MAR-2019,147,INE570D01018
ARROWTEX,EQ,19.35,19.35,18.3,18.4,18.3,18.85,6593,122660.8,08-MAR-2019,113,INE933J01015
ARSHIYA,EQ,30.1,31,29.1,29.5,29.4,30.3,54129,1601871.85,08-MAR-2019,351,INE968D01022
ARSSINFRA,EQ,35.6,36.55,35.5,36,35.75,35.6,5762,207059.55,08-MAR-2019,36,INE267I01010
ARVIND,EQ,89.75,89.75,82.65,83.95,84.2,89.3,13451763,1142686050.8,08-MAR-2019,53977,INE034A01011
ARVINDFASN,BE,590.95,620.45,590.95,620.45,620.45,311.05,24807,15373744.15,08-MAR-2019,1033,INE955V01021
ARVSMART,EQ,125.25,127,123.6,124.05,124,125.6,10827,1354427.45,08-MAR-2019,284,INE034S01021
ASAHIINDIA,EQ,271.9,273.2,267,268.5,267,270.25,3189,861263.45,08-MAR-2019,422,INE439A01020
ASAHISONG,EQ,171,174,165,167.2,167,172.85,1926,325041.7,08-MAR-2019,86,INE228I01012
ASAL,EQ,54.35,56.9,54.35,54.85,54.8,54.35,4676,261280.45,08-MAR-2019,66,INE900C01027
ASHAPURMIN,EQ,29.3,29.85,27.35,27.55,27.65,29.3,109987,3074467.6,08-MAR-2019,489,INE348A01023
ASHIANA,EQ,116.45,116.9,115.2,116.6,116,116.3,21025,2445839.45,08-MAR-2019,271,INE365D01021
ASHIMASYN,BE,13.1,13.7,13.1,13.4,13.7,13.7,10369,136588.15,08-MAR-2019,50,INE440A01010
ASHOKA,EQ,132.25,136.35,131.5,133.95,133.9,134.45,343515,45850499.5,08-MAR-2019,3636,INE442H01029
ASHOKLEY,EQ,90.9,90.95,89.3,89.65,89.8,90.9,19294489,1736319400.75,08-MAR-2019,60194,INE208A01029
ASIANHOTNR,EQ,146.75,147.95,144.1,147.9,147.95,145,411,60317.05,08-MAR-2019,18,INE363A01022
ASIANPAINT,EQ,1393.75,1394.65,1380,1382.35,1385,1395.45,524331,726677422.85,08-MAR-2019,26717,INE021A01026
ASIANTILES,EQ,207,212.9,204.95,206.35,205.75,206.6,120277,25036053.5,08-MAR-2019,2660,INE022I01019
ASPINWALL,EQ,171.65,173,171.65,172.4,171.65,174.15,2219,383062.45,08-MAR-2019,18,INE991I01015
ASSAMCO,BE,2.45,2.55,2.45,2.45,2.45,2.55,287177,709379.75,08-MAR-2019,177,INE442A01024
ASTEC,EQ,525.1,534.9,515.2,517.6,516.7,522.15,8615,4526952.4,08-MAR-2019,1344,INE563J01010
ASTERDM,EQ,156.1,157,154,154.35,154.6,157,9430,1468397.25,08-MAR-2019,223,INE914M01019
ASTRAL,EQ,1208.7,1214.85,1188.5,1199.95,1200,1199.5,99446,119298622.5,08-MAR-2019,10538,INE006I01046
ASTRAMICRO,EQ,83.9,85.4,83.1,83.9,83.7,84,182501,15367435.65,08-MAR-2019,1861,INE386C01029
ASTRAZEN,EQ,1983,2020,1962.9,1985.4,1982,1976.4,13639,27263520.05,08-MAR-2019,1988,INE203A01020
ASTRON,EQ,102.85,104,100.55,102.35,103,101.8,278426,28636285.55,08-MAR-2019,2937,INE646X01014
ATFL,EQ,577.95,583.95,572.3,582.1,577.1,574.15,4928,2862181,08-MAR-2019,206,INE209A01019
ATLANTA,EQ,20.1,20.1,19.85,20.1,20.1,19.15,18050,362506.05,08-MAR-2019,93,INE285H01022
ATLASCYCLE,BE,80,80.1,77.95,79.55,80.1,76.3,5764,454837.3,08-MAR-2019,70,INE446A01025
ATUL,EQ,3380,3415,3320.15,3330,3330,3378.15,38410,128071949.05,08-MAR-2019,1550,INE100A01010
ATULAUTO,EQ,335.1,340.55,332.05,334.5,334.8,340.55,9574,3208255.6,08-MAR-2019,620,INE951D01028
AUBANK,EQ,581.7,588,575.5,584.5,583,580.65,75292,43718679.3,08-MAR-2019,5424,INE949L01017
AURIONPRO,EQ,118.1,118.1,115,115.5,116,117.7,6289,731012.9,08-MAR-2019,172,INE132H01018
AUROPHARMA,EQ,722.4,737.65,716.55,735.85,735.45,725.2,2051628,1500647313.15,08-MAR-2019,55988,INE406A01037
AUSOMENT,EQ,38.6,38.6,36.05,36.1,36.05,37.05,1872,68654.95,08-MAR-2019,34,INE218C01016
AUTOAXLES,EQ,1255,1268.15,1207,1216.9,1226.05,1257.35,22757,27830592.15,08-MAR-2019,2251,INE449A01011
AUTOIND,EQ,56.05,58.05,55.45,57.3,57.25,56.65,11138,629851.95,08-MAR-2019,197,INE718H01014
AUTOLITIND,EQ,37.6,39.5,37,37.85,37.6,38,11303,434340.2,08-MAR-2019,154,INE448A01013
AVADHSUGAR,EQ,495.95,506.95,484.5,488.3,485.1,495.55,64321,31861455.55,08-MAR-2019,1964,INE349W01017
AVANTIFEED,EQ,410,422,407.65,412.2,413.9,405.85,1029207,426283182.8,08-MAR-2019,20420,INE871C01038
AVG,SM,77.4,77.5,74.5,75.35,75.35,75,15600,1177800,08-MAR-2019,11,INE680Z01018
AVONMPL,SM,45.3,45.3,45.3,45.3,45.3,43.7,2000,90600,08-MAR-2019,1,INE652Z01017
AVTNPL,EQ,26.5,26.55,25,25.5,25.45,26.35,33621,854545.65,08-MAR-2019,213,INE488D01021
AXISBANK,EQ,732,737.25,728.4,733.4,732.3,733.75,7744794,5677654298,08-MAR-2019,116121,INE238A01034
AXISCADES,EQ,73.9,76.25,71.1,75.1,74.6,73.8,85180,6334400.6,08-MAR-2019,1607,INE555B01013
AXISGOLD,EQ,2874,2874,2825,2830.9,2831,2816,77,218128,08-MAR-2019,20,INF846K01347
AXISNIFTY,EQ,1129.31,1129.32,1127.77,1127.77,1127.77,1132.86,4,4515.72,08-MAR-2019,4,INF846K01ZL0
AYMSYNTEX,EQ,38.65,38.9,38,38.45,38.45,37.7,8110,311435.7,08-MAR-2019,75,INE193B01039
BAFNAPHARM,EQ,11.15,11.4,10.9,11.1,11,11.4,15392,170107.9,08-MAR-2019,138,INE878I01014
BAGFILMS,EQ,5.05,5.15,5,5.1,5.1,5.15,91783,465089.05,08-MAR-2019,121,INE116D01028
BAJAJ-AUTO,EQ,2910,2964.6,2900.05,2955.7,2962,2919.9,754427,2222295820,08-MAR-2019,36308,INE917I01010
BAJAJCON,EQ,351,353,347.6,348.65,348.5,349.45,19868,6953670.55,08-MAR-2019,932,INE933K01021
BAJAJELEC,EQ,488,492,482,490.4,490,481.4,341184,166462428.8,08-MAR-2019,6925,INE193E01025
BAJAJFINSV,EQ,6570,6640,6550,6616.95,6616.5,6598.5,144867,955584553.9,08-MAR-2019,16510,INE918I01018
BAJAJHIND,EQ,9.1,9.2,8.8,8.85,8.85,9.1,1577601,14155005.2,08-MAR-2019,1877,INE306A01021
BAJAJHLDNG,EQ,3298,3298,3220.8,3276.9,3298,3274.35,16530,53981303.9,08-MAR-2019,3053,INE118A01012
BAJFINANCE,EQ,2724.9,2779,2716.6,2768.3,2763.3,2734.8,1178087,3240153803.1,08-MAR-2019,62091,INE296A01024
BALAJITELE,EQ,87.4,92.8,87,88.35,87.65,87.55,2325342,207313342.2,08-MAR-2019,10916,INE794B01026
BALAMINES,EQ,430.05,495.9,428.45,472.7,476.5,431.15,497309,236455191.1,08-MAR-2019,15349,INE050E01027
BALKRISHNA,EQ,40.05,40.6,38.9,39.7,40.1,40.65,8509,335735.75,08-MAR-2019,148,INE875R01011
BALKRISIND,EQ,918.5,922.5,900.1,904.7,902.4,920.8,268819,244451261.35,08-MAR-2019,14113,INE787D01026
BALLARPUR,EQ,3.7,3.8,3.55,3.6,3.6,3.7,968413,3545328.15,08-MAR-2019,622,INE294A01037
BALMLAWRIE,EQ,186.5,194.9,185.15,188.4,188.2,187.15,43539,8266901.75,08-MAR-2019,1164,INE164A01016
BALPHARMA,EQ,73.05,73.95,71.1,71.8,72,73.85,7052,511968.25,08-MAR-2019,219,INE083D01012
BALRAMCHIN,EQ,136.4,138.2,133.7,135.95,135.8,136.4,1896410,258558920.6,08-MAR-2019,22936,INE119A01028
BANARBEADS,EQ,44.95,45,41.85,44.8,44.8,43,41,1799.95,08-MAR-2019,11,INE655B01011
BANARISUG,EQ,1609.95,1635,1569.95,1619.15,1611,1593.25,745,1193397.25,08-MAR-2019,160,INE459A01010
BANCOINDIA,EQ,163.1,163.1,159.25,159.8,160.7,162.5,18517,2979682.05,08-MAR-2019,571,INE213C01025
BANDHANBNK,EQ,495,506.8,492,502.15,500.2,496.65,709084,355215104.3,08-MAR-2019,18351,INE545U01014
BANG,EQ,37.95,38,37.1,37.8,37.7,37.75,15805,596426.85,08-MAR-2019,138,INE863I01016
BANKA,SM,90,90,90,90,90,100,1200,108000,08-MAR-2019,1,INE862Y01015
BANKBARODA,EQ,115.65,116.85,113.05,113.6,113.45,115.2,16938684,1941314510.25,08-MAR-2019,58149,INE028A01039
BANKBEES,EQ,2808.03,2826,2808.03,2821.03,2822.5,2820.52,1663,4684163.41,08-MAR-2019,140,INF732E01078
BANKINDIA,EQ,90.85,91.4,88.4,88.8,88.55,90.7,8168221,732145218.65,08-MAR-2019,21293,INE084A01016
BANSAL,SM,11.7,12.7,11.7,12.7,12.7,12.3,11000,130800,08-MAR-2019,11,INE668X01018
BANSWRAS,EQ,77,77,70.4,73.9,74.9,72.95,666,48484.7,08-MAR-2019,33,INE629D01012
BARTRONICS,EQ,6.8,7.1,6.75,6.8,6.75,6.9,25979,178013.5,08-MAR-2019,71,INE855F01034
BASF,EQ,1411,1443.15,1352.6,1384,1370.35,1425.7,14007,19563497.3,08-MAR-2019,1931,INE373A01013
BASML,EQ,193,193,187.65,190.1,190.1,198,904,172055.6,08-MAR-2019,45,INE186H01014
BATAINDIA,EQ,1348,1350.45,1324.65,1328.95,1331,1349.45,746047,997055165.8,08-MAR-2019,31750,INE176A01028
BAYERCROP,EQ,4261.5,4411,4261.5,4338.35,4399.95,4296.1,4255,18369819.05,08-MAR-2019,1455,INE462A01022
BBL,EQ,1120.3,1121.75,1099.95,1105.45,1101.5,1121.75,2604,2889882.05,08-MAR-2019,309,INE464A01028
BBTC,EQ,1275.05,1276.7,1244,1251.6,1249,1275.05,65025,82162859.25,08-MAR-2019,3099,INE050A01025
BBTCL,SM,49.9,49.9,49.9,49.9,49.9,48,24000,1197600,08-MAR-2019,2,INE01EE01011
BCG,EQ,3.15,3.75,3.15,3.6,3.5,3.15,6449595,22910837.9,08-MAR-2019,2141,INE425B01027
BCONCEPTS,SM,56,59.75,53,58.85,59.75,51,63000,3531300,08-MAR-2019,21,INE977Y01011
BDL,EQ,279.5,279.5,270,273.8,274.4,279.5,32946,9037630.1,08-MAR-2019,1490,INE171Z01018
BEARDSELL,EQ,15.95,16,15.5,15.75,15.95,15.95,3433,54742.9,08-MAR-2019,21,INE520H01022
BEDMUTHA,EQ,16.2,17.9,16.2,16.85,17,17.6,6106,105743.55,08-MAR-2019,37,INE844K01012
BEL,EQ,88,89,86.8,87.2,87.2,89.35,12103502,1062626819.95,08-MAR-2019,47918,INE263A01024
BEML,EQ,885,913.8,875.25,898.45,897.05,888.45,3498197,3158682928.5,08-MAR-2019,65617,INE258A01016
BEPL,EQ,77.95,78.7,74.8,75.3,75.7,77.65,705720,54089460.35,08-MAR-2019,4668,INE922A01025
BERGEPAINT,EQ,300.25,304,296.7,302.35,303.4,300.25,766371,230140647.15,08-MAR-2019,9987,INE463A01038
BFINVEST,EQ,255,264.8,253.45,256.1,257,254.95,316399,81740817.6,08-MAR-2019,9583,INE878K01010
BFUTILITIE,EQ,191.6,197.4,189.3,192.9,192.65,191.65,732140,141710814.5,08-MAR-2019,14551,INE243D01012
BGLOBAL,BE,2.35,2.5,2.35,2.4,2.4,2.4,6418,15507.45,08-MAR-2019,13,INE224M01013
BGRENERGY,EQ,62,62.55,59.6,60.15,59.8,62.55,77365,4706531.85,08-MAR-2019,928,INE661I01014
BHAGERIA,EQ,270.9,283.85,270.15,273.45,271.35,274.8,20984,5845204.05,08-MAR-2019,913,INE354C01027
BHAGYANGR,EQ,31.55,33.25,30.3,32.6,32.9,30.55,16106,518519.65,08-MAR-2019,189,INE458B01036
BHAGYAPROP,EQ,29,31.85,29,30.5,30.25,30,6695,203441.65,08-MAR-2019,26,INE363W01018
BHANDARI,EQ,2.05,2.1,2,2,2,2.05,174365,351134.3,08-MAR-2019,84,INE474E01029
BHARATFIN,EQ,960.9,961.9,948.3,953.35,952.25,962.1,220538,210368565.95,08-MAR-2019,18940,INE180K01011
BHARATFORG,EQ,514,516.55,502.1,507.35,509,516.35,1200535,609113335.6,08-MAR-2019,28013,INE465A01025
BHARATGEAR,EQ,167,168,163.05,164.35,165.7,167.9,8905,1472076.2,08-MAR-2019,296,INE561C01019
BHARATRAS,EQ,4281,4529.95,4281,4387.35,4380,4275.55,3617,15981557.45,08-MAR-2019,932,INE838B01013
BHARATWIRE,EQ,62.75,62.75,60.1,60.85,61.5,62.75,3998,244194.15,08-MAR-2019,100,INE316L01019
BHARTIARTL,EQ,309.75,312,307.65,308.7,308.5,307.65,4002947,1239288746.2,08-MAR-2019,38484,INE397D01024
BHEL,EQ,67.9,67.9,66.5,67.1,67.1,68.1,9335968,625085323.35,08-MAR-2019,16628,INE257A01026
BIGBLOC,EQ,36.45,36.55,33.15,36.55,36.55,34.85,4459,160046.3,08-MAR-2019,44,INE412U01017
BIL,EQ,205.95,205.95,202.05,203.8,202.1,201.75,4528,923562.35,08-MAR-2019,119,INE828A01016
BILENERGY,BE,1.9,1.9,1.85,1.9,1.9,1.85,109098,207280.05,08-MAR-2019,62,INE607L01029
BINANIIND,EQ,46.15,46.55,44.6,45.1,44.8,46.15,19452,880606.95,08-MAR-2019,155,INE071A01013
BINDALAGRO,EQ,17.35,17.45,16.8,17.2,17.1,17.1,18844,324083.65,08-MAR-2019,112,INE143A01010
BIOCON,EQ,613,619.5,611.6,614.8,614.3,611.55,1355805,835442432.3,08-MAR-2019,33972,INE376G01013
BIOFILCHEM,BE,6.7,6.7,6.5,6.7,6.7,6.7,593,3963.1,08-MAR-2019,9,INE829A01014
BIRLACABLE,EQ,170.5,173,167.3,170.75,169.95,170.5,46726,7964536.35,08-MAR-2019,1158,INE800A01015
BIRLACORPN,EQ,546,581,526,565.1,566,546.2,195001,108978119.05,08-MAR-2019,6959,INE340A01012
BIRLAMONEY,BE,47.45,48.8,46.25,47.55,47.5,47.45,20302,953632.8,08-MAR-2019,149,INE865C01022
BKMINDST,EQ,4.05,4.05,4.05,4.05,4.05,3.9,4687,18982.35,08-MAR-2019,9,INE831Q01016
BLBLIMITED,EQ,5.25,5.5,5,5.05,5.2,5.25,2000,10151.55,08-MAR-2019,16,INE791A01024
BLISSGVS,EQ,173,175.4,170.5,171.25,170.75,173.9,846564,146676651.8,08-MAR-2019,3559,INE416D01022
BLKASHYAP,EQ,19.95,21.2,19.75,20.45,20.5,19.7,570012,11715666.3,08-MAR-2019,1798,INE350H01032
BLS,EQ,115,116.4,112.3,113.65,113,111.65,218052,24810900.4,08-MAR-2019,2160,INE153T01027
BLUEBLENDS,EQ,3.8,3.85,3.7,3.75,3.7,3.85,1223,4608.9,08-MAR-2019,11,INE113O01014
BLUECOAST,BE,49.8,49.8,49.8,49.8,49.8,49.8,1,49.8,08-MAR-2019,1,INE472B01011
BLUEDART,EQ,3296.9,3296.9,3190,3196.85,3192.95,3234.25,3504,11323449.25,08-MAR-2019,657,INE233B01017
BLUESTARCO,EQ,658.05,659.95,647,650.1,651,662.05,14762,9617240.5,08-MAR-2019,1621,INE472A01039
BODALCHEM,EQ,113.9,114.05,112,113.15,113,113.8,56682,6407758.35,08-MAR-2019,997,INE338D01028
BOMDYEING,EQ,117.65,119.6,115.7,116,115.8,118.45,549532,64460940.8,08-MAR-2019,4931,INE032A01023
BOROSIL,EQ,229,230.65,223,226.65,223,227.25,35631,8143450.65,08-MAR-2019,767,INE666D01022
BOSCHLTD,EQ,18487,18517.25,18200,18429.85,18500,18486.2,11836,217545733.85,08-MAR-2019,5117,INE323A01026
BPCL,EQ,370.9,371.4,364.65,367.35,369.5,370.7,2812574,1034390842.65,08-MAR-2019,67234,INE029A01011
BPL,EQ,29.6,29.75,28.55,28.75,28.55,28.45,160484,4657517.85,08-MAR-2019,1118,INE110A01019
BRFL,BE,8.75,9.1,8.6,9,8.95,8.75,20147,181818.65,08-MAR-2019,104,INE589G01011
BRIGADE,EQ,221,234,215,223.7,222.6,220,652528,148302170.6,08-MAR-2019,11026,INE791I01019
BRIGHT,SM,30.75,30.75,30.75,30.75,30.75,29,15000,461250,08-MAR-2019,1,INE684Z01010
BRITANNIA,EQ,3041,3079.5,3021,3071.2,3071.25,3043.85,190651,581394483.9,08-MAR-2019,15409,INE216A01030
BRNL,EQ,99.75,102.5,98.55,101.5,102.5,99.85,312805,31732453.55,08-MAR-2019,1037,INE727S01012
BROOKS,EQ,57,57.35,55.5,56.1,56.65,55.9,17743,999644.35,08-MAR-2019,226,INE650L01011
BSE,EQ,613.25,622,608.15,616.3,615,613.25,127784,78562953.3,08-MAR-2019,8934,INE118H01025
BSELINFRA,EQ,2.15,2.25,2.1,2.15,2.2,2.15,29114,62959.85,08-MAR-2019,74,INE395A01016
BSHSL,SM,129.95,129.95,129.95,129.95,129.95,130,1000,129950,08-MAR-2019,1,INE032Z01012
BSL,EQ,45.45,46.2,43.7,44.45,45.2,45.45,4876,218539.45,08-MAR-2019,88,INE594B01012
BSLGOLDETF,EQ,2952.05,2997.95,2952.05,2990,2990,2981.05,32,95182.15,08-MAR-2019,7,INF209K01HT2
BSLNIFTY,EQ,115,116,112.72,116,116,114.99,1035,118980.7,08-MAR-2019,12,INF209K01IR4
BSOFT,EQ,108.5,108.95,102.6,103.9,104.25,108.25,1655156,173318249.4,08-MAR-2019,15403,INE836A01035
BURNPUR,EQ,3.8,3.8,3.6,3.7,3.65,3.65,315680,1182678.9,08-MAR-2019,289,INE817H01014
BUTTERFLY,EQ,198,200.25,191.35,192.75,192.1,198.3,128537,25079370.2,08-MAR-2019,4316,INE295F01017
BVCL,BE,15.25,16.05,15.25,15.25,15.25,16.05,3377,52006.75,08-MAR-2019,22,INE139I01011
BYKE,EQ,27,27,26.1,26.3,26.4,26.9,194739,5148004.1,08-MAR-2019,3130,INE319B01014
CADILAHC,EQ,326,336,324.2,324.95,324.95,326.6,599037,195490549.75,08-MAR-2019,9655,INE010B01027
CADSYS,SM,44,44,42.05,42.05,42.05,43.85,4000,172100,08-MAR-2019,2,INE090Y01013
CALSOFT,EQ,19.15,19.2,17.8,19,19.2,18.3,21882,406008.1,08-MAR-2019,118,INE526B01014
CAMLINFINE,EQ,53.3,53.5,51.1,51.35,51.1,53,110422,5764913.25,08-MAR-2019,1444,INE052I01032
CANBK,EQ,255.25,258.3,252.85,254,253.85,257.35,3646618,930792829.5,08-MAR-2019,24056,INE476A01014
CANDC,BZ,13.7,14,12.85,13.1,13.05,13.5,29196,387835.5,08-MAR-2019,88,INE874H01015
CANFINHOME,EQ,287,294.6,285.4,287.45,286.85,291.55,926130,267458548.05,08-MAR-2019,10995,INE477A01020
CANTABIL,EQ,256,281.05,256,279.95,279,255.5,131814,35851788.95,08-MAR-2019,2435,INE068L01016
CAPACITE,EQ,231.4,239,231.1,236.95,238,230.2,52731,12372795.55,08-MAR-2019,3403,INE264T01014
CAPLIPOINT,EQ,415,418.5,405,406.95,406.15,412.2,31010,12701833.15,08-MAR-2019,916,INE475E01026
CAPTRUST,BE,195,196.95,181.55,190.2,196.4,190.8,267,50769.05,08-MAR-2019,16,INE707C01018
CARBORUNIV,EQ,381.9,386.8,376,383.8,384,382,46724,17886160.4,08-MAR-2019,2200,INE120A01034
CAREERP,EQ,73.1,75.45,72.7,73.2,73,74.25,1802,132331.75,08-MAR-2019,109,INE521J01018
CARERATING,EQ,1004,1004,991.8,997.9,995.8,999.9,8311,8292492.7,08-MAR-2019,1016,INE752H01013
CASTEXTECH,EQ,1.05,1.05,0.95,1.05,1.05,1,304987,308870.5,08-MAR-2019,165,INE068D01021
CASTROLIND,EQ,162,164,161.1,161.8,161.8,161.85,871135,141686041.55,08-MAR-2019,15715,INE172A01027
CCCL,BZ,1.85,1.85,1.8,1.8,1.8,1.85,39447,71354.7,08-MAR-2019,35,INE429I01024
CCHHL,EQ,7.5,7.5,6.55,7.05,7.1,7.25,56250,391509.75,08-MAR-2019,183,INE652F01027
CCL,EQ,288.1,293.8,285.1,287.35,286.55,292.5,16408,4742246,08-MAR-2019,809,INE421D01022
CDSL,EQ,232,235.65,230.75,232.75,232.8,233.45,143291,33450961.1,08-MAR-2019,2805,INE736A01011
CEATLTD,EQ,1122,1134,1114,1126.05,1124,1122.75,286920,322260330.6,08-MAR-2019,7280,INE482A01020
CEBBCO,BE,22.55,23.2,22.25,23.2,23.2,22.1,41526,957972.2,08-MAR-2019,226,INE209L01016
CELEBRITY,EQ,9.2,9.6,8.9,9.3,9.4,9.35,6483,59217.05,08-MAR-2019,46,INE185H01016
CELESTIAL,EQ,6.1,6.3,6.05,6.15,6.2,6.35,27626,169624.9,08-MAR-2019,88,INE221I01017
CENTENKA,EQ,256,256,250.4,252.2,251.05,253.35,18686,4735679.6,08-MAR-2019,957,INE485A01015
CENTEXT,EQ,6.45,6.5,6.2,6.25,6.25,6.4,103157,647422.95,08-MAR-2019,161,INE281A01026
CENTRALBK,EQ,31.8,33.95,31.5,32.95,32.8,31.85,1983489,65792294.7,08-MAR-2019,6407,INE483A01010
CENTRUM,EQ,35,35.1,34.3,34.9,35,35.25,93619,3253850.15,08-MAR-2019,243,INE660C01027
CENTUM,EQ,434,459,423,448.8,450,422.4,15333,6768569.7,08-MAR-2019,826,INE320B01020
CENTURYPLY,EQ,187.5,188.85,184.55,187.7,187.6,187.5,119738,22316925.1,08-MAR-2019,1676,INE348B01021
CENTURYTEX,EQ,855.05,861.05,842.6,856.3,853.5,853.95,355975,303095088.1,08-MAR-2019,9021,INE055A01016
CERA,EQ,2599,2613.95,2559.8,2570.2,2564.9,2570.1,5771,14951662.7,08-MAR-2019,1111,INE739E01017
CEREBRAINT,EQ,25.85,27.4,25.05,26.75,26.5,25.75,731596,19478050.45,08-MAR-2019,1410,INE345B01019
CES1RPG,MF,9.18,9.21,9.18,9.21,9.21,9.27,9000,82830,08-MAR-2019,5,INF579M01AC5
CESC,EQ,695,704.7,682.3,688.25,689,696,435450,301363804.05,08-MAR-2019,15019,INE486A01013
CESCVENT,EQ,502.05,512,496.45,503.4,508,505.8,101068,51296520.45,08-MAR-2019,2289,INE425Y01011
CGCL,EQ,140.4,141.45,136.25,138.75,136.6,139.75,700593,97831114,08-MAR-2019,4339,INE180C01026
CGPOWER,EQ,36.3,36.9,35.75,36.2,36.25,36.5,7241162,262196584.6,08-MAR-2019,10997,INE067A01029
CHALET,EQ,275.55,289,275.55,283.2,287.45,283.15,502139,142144941.3,08-MAR-2019,2409,INE427F01016
CHAMBLFERT,EQ,165,166,162.2,162.8,162.7,165,51544,8466007.4,08-MAR-2019,2139,INE085A01013
CHEMFAB,EQ,145.25,156.9,144,147.8,146.2,146.7,4334,653601.6,08-MAR-2019,161,INE783X01023
CHENNPETRO,EQ,258.5,258.7,251.95,254.7,255,257.25,304481,77620060.65,08-MAR-2019,5789,INE178A01016
CHOLAFIN,EQ,1303.45,1312.85,1287.05,1289.2,1288.1,1297.2,161160,209327512.55,08-MAR-2019,14421,INE121A01016
CHROMATIC,BE,1,1.05,0.95,1,1,1,22812,22816.95,08-MAR-2019,22,INE662C01015
CIGNITITEC,EQ,332.5,333.8,327.9,331.8,332.5,329.2,20876,6919293.55,08-MAR-2019,285,INE675C01017
CIMMCO,EQ,36.55,37.1,36,36.2,36,36.35,14740,540895.9,08-MAR-2019,152,INE184C01028
CINELINE,EQ,47.55,48.9,47,47.25,47.1,48.1,4081,193190,08-MAR-2019,74,INE704H01022
CINEVISTA,EQ,6.85,7.3,6.65,7.2,7.25,6.65,15477,109461.7,08-MAR-2019,74,INE039B01026
CIPLA,EQ,541,543.4,538.25,539.95,538.75,541.35,2618767,1416853802.7,08-MAR-2019,53007,INE059A01026
CLEDUCATE,EQ,120.6,124,120,121.7,121.7,123.05,709,86664.6,08-MAR-2019,61,INE201M01011
CLNINDIA,EQ,368.1,370,354.1,368.8,370,366.65,18586,6773846.75,08-MAR-2019,890,INE492A01029
CMICABLES,EQ,142.75,144.8,138.05,139.8,139.75,142.2,29243,4139402.05,08-MAR-2019,553,INE981B01011
CMMIPL,SM,7.45,7.8,7.45,7.8,7.8,7.45,9000,68850,08-MAR-2019,3,INE289S01013
CNOVAPETRO,EQ,18,19.35,17.2,18.7,18.7,18.3,488,9103.5,08-MAR-2019,29,INE672K01025
COALINDIA,EQ,233.1,237.5,229.6,234.9,235.65,235,12803612,2982235844.6,08-MAR-2019,132981,INE522F01014
COCHINSHIP,EQ,372.75,377.9,370.05,371.45,373.1,377.7,44441,16593985.75,08-MAR-2019,1411,INE704P01017
COFFEEDAY,EQ,290.45,297,287.4,289.05,288.5,290.3,479850,140438152.85,08-MAR-2019,12397,INE335K01011
COLPAL,EQ,1268,1270,1247.05,1251.7,1255.5,1268.5,347589,435404258.3,08-MAR-2019,21988,INE259A01022
COMPINFO,EQ,18.7,18.95,18.05,18.85,18.9,18.7,30785,567808,08-MAR-2019,248,INE070C01037
COMPUSOFT,EQ,10.35,10.35,9.8,9.85,9.8,9.95,10635,106559.5,08-MAR-2019,60,INE453B01029
CONCOR,EQ,485.3,490,482.35,488.45,485.5,485.6,747344,363259428.45,08-MAR-2019,18989,INE111A01025
CONSOFINVT,EQ,40,40.05,37.75,40,40,41.05,321,12493.35,08-MAR-2019,24,INE025A01027
CONTROLPR,EQ,277.95,284.9,277.05,282.15,284.6,277.1,7990,2244783,08-MAR-2019,153,INE663B01015
CORALFINAC,EQ,20,21,19,19.45,19.1,20.5,17589,351232.3,08-MAR-2019,213,INE558D01021
CORDSCABLE,EQ,63.35,63.6,61.4,62.85,63.5,63.85,14803,928165.3,08-MAR-2019,151,INE792I01017
COROMANDEL,EQ,473,482,468.55,480.7,481,471.75,225338,107697900.05,08-MAR-2019,12366,INE169A01031
CORPBANK,EQ,30,30.2,29.5,29.75,29.75,29.9,257091,7673968.45,08-MAR-2019,1110,INE112A01023
COSMOFILMS,EQ,199,199,190,191.65,190.5,197.25,14283,2771201.8,08-MAR-2019,529,INE757A01017
COUNCODOS,EQ,2.65,2.75,2.55,2.6,2.65,2.7,75482,198083.45,08-MAR-2019,51,INE695B01025
COX&KINGS,EQ,167.05,168.4,162.35,164,164,167.85,21532,3539116.2,08-MAR-2019,1150,INE008I01026
CPSEETF,EQ,25.31,25.6,25.01,25.39,25.6,25.35,2384588,60153327.9,08-MAR-2019,1672,INF457M01133
CREATIVE,SM,110.1,110.1,110.1,110.1,110.1,110,11200,1233120,08-MAR-2019,2,INE985W01018
CREATIVEYE,EQ,2.85,2.85,2.85,2.85,2.85,2.85,2500,7125,08-MAR-2019,2,INE230B01021
CREDITACC,EQ,464,481.15,464,475.15,477,474.15,156069,74353885.9,08-MAR-2019,5419,INE741K01010
CREST,EQ,137.55,142.95,134.4,140.5,142.95,138.55,5583,772504.85,08-MAR-2019,154,INE559D01011
CRISIL,EQ,1513.1,1513.1,1423.65,1434.65,1437,1499.35,35611,51722977.7,08-MAR-2019,8613,INE007A01025
CRMFGETF,EQ,3070,3070,3070,3070,3070,3070,1,3070,08-MAR-2019,1,INF760K01BR1
CROMPTON,EQ,217.7,221.5,215.55,220.55,221.3,218.8,270890,59507038.65,08-MAR-2019,13079,INE299U01018
CTE,EQ,46,48,46,46.6,46.5,46.75,1289,60419,08-MAR-2019,25,INE627H01017
CUB,EQ,187,189.65,184.5,186.15,187.25,187.05,861180,159718282.65,08-MAR-2019,9171,INE491A01021
CUBEXTUB,EQ,15.95,16,15.75,15.9,15.9,16.55,7560,119711.35,08-MAR-2019,30,INE144D01012
CUMMINSIND,EQ,743,744.7,728.1,730.4,730.3,742.15,201353,147961322.4,08-MAR-2019,8755,INE298A01020
CUPID,EQ,129.5,132.25,129.45,131.2,131.9,129.8,13616,1781196.5,08-MAR-2019,546,INE509F01011
CURATECH,BE,1.25,1.25,1.25,1.25,1.25,1.25,297,371.25,08-MAR-2019,1,INE117B01012
CYBERMEDIA,EQ,6,6.3,5.85,5.9,6.3,6,2236,13645.05,08-MAR-2019,10,INE278G01037
CYBERTECH,EQ,41.45,41.45,39.55,40.15,40.3,41.95,1781,71890.35,08-MAR-2019,131,INE214A01019
CYIENT,EQ,672.95,682.9,668.5,675,675,668,422937,285589498,08-MAR-2019,28803,INE136B01020
DAAWAT,EQ,37,37.3,36.15,36.8,36.85,37.2,1349267,49454801.95,08-MAR-2019,5648,INE818H01020
DABUR,EQ,431.5,435.55,430.8,432.2,431.95,433.1,832863,360659654.05,08-MAR-2019,29366,INE016A01026
DALBHARAT,EQ,1133.9,1153,1126,1132.7,1126,1138.2,6826,7767480.8,08-MAR-2019,1470,INE00R701025
DALMIASUG,EQ,124.7,128.05,122.3,124.25,124.8,124.15,326816,40874699.8,08-MAR-2019,4102,INE495A01022
DAMODARIND,EQ,40.6,42,39.4,41,41,41.1,522,21277.85,08-MAR-2019,27,INE497D01022
DATAMATICS,EQ,101.45,102.45,99.1,99.75,99.95,101.65,26564,2681228.5,08-MAR-2019,437,INE365B01017
DBCORP,EQ,194,199.05,191.45,197.6,197.3,193.15,110945,21901947.6,08-MAR-2019,3066,INE950I01011
DBL,EQ,565,574,555.2,558.95,556.6,572.9,527216,296887078.3,08-MAR-2019,13182,INE917M01012
DBREALTY,BE,21.15,21.5,20.4,20.65,20.8,21.15,156532,3256699.55,08-MAR-2019,772,INE879I01012
DBSTOCKBRO,EQ,7.95,7.95,7.95,7.95,7.95,7.95,50,397.5,08-MAR-2019,1,INE921B01025
DCAL,EQ,205.65,208,200.7,203.75,203.85,204.7,102049,20777513.15,08-MAR-2019,2261,INE385W01011
DCBBANK,EQ,196.8,196.9,194.5,196,196.9,196.05,1500100,293659088.7,08-MAR-2019,21156,INE503A01015
DCM,EQ,69.4,69.45,66,66.9,66.65,68.55,12805,861248.3,08-MAR-2019,231,INE498A01018
DCMSHRIRAM,EQ,450,470.2,441.8,458.55,457.9,457.5,150849,68827853.15,08-MAR-2019,5495,INE499A01024
DCW,EQ,17,17.35,16.7,16.8,16.75,17.05,78191,1329963.25,08-MAR-2019,712,INE500A01029
DECCANCE,EQ,416.5,420.05,412,414.3,413,416.5,2564,1065355.65,08-MAR-2019,209,INE583C01021
DEEPAKFERT,EQ,135.4,136.65,133.5,134.2,134.75,135.65,139660,18858049.2,08-MAR-2019,2539,INE501A01019
DEEPAKNTR,EQ,258,258,251,252.35,252.5,257.45,251633,63608935.5,08-MAR-2019,5446,INE288B01029
DEEPIND,EQ,124.6,124.6,121,124,123.5,123.35,97324,12011547.6,08-MAR-2019,343,INE677H01012
DELTACORP,EQ,258.9,259,252.8,254.4,254.5,259.2,689018,176081774,08-MAR-2019,13131,INE124G01033
DELTAMAGNT,EQ,80,80,75.2,80,80,78,163,12936.4,08-MAR-2019,9,INE393A01011
DEN,EQ,70.2,73.55,66,69.05,68,71.55,52375,3707919.7,08-MAR-2019,798,INE947J01015
DENORA,EQ,299.95,300,288.6,289.6,288.6,298.9,5154,1530583.2,08-MAR-2019,332,INE244A01016
DEVIT,SM,84.1,84.1,83.5,83.5,83.5,84.15,15000,1256400,08-MAR-2019,10,INE060X01018
DFMFOODS,EQ,218.75,221.2,216,217.8,217.1,218.55,1788,391535.5,08-MAR-2019,143,INE456C01020
DHAMPURSUG,EQ,233.05,236.4,229.55,231.75,233,232.5,587342,136714483.8,08-MAR-2019,7198,INE041A01016
DHANBANK,EQ,18.75,18.95,17.85,17.85,17.85,18.75,793386,14456426.7,08-MAR-2019,2417,INE680A01011
DHANUKA,EQ,442.95,444.2,435.1,440,441.5,438.75,8977,3957394.3,08-MAR-2019,583,INE435G01025
DHARSUGAR,EQ,13,13.1,12.4,12.45,12.8,12.9,14825,188065.4,08-MAR-2019,70,INE988C01014
DHFL,EQ,141.6,144.25,138.85,139.85,139.9,141.6,13328310,1884860942.55,08-MAR-2019,84705,INE202B01012
DHFL,N2,965,965,965,965,965,941,65,62725,08-MAR-2019,1,INE202B07HL1
DHFL,N4,899,899,801,801,801,760.4,12,9710,08-MAR-2019,5,INE202B07HN7
DHFL,N6,760,760,745,746.59,745,750.12,110,82125,08-MAR-2019,3,INE202B07HP2
DHFL,N8,994,994,985,985,985,977.32,155,152972,08-MAR-2019,4,INE202B07HR8
DHFL,NC,770,770,760,765,765,770,350,267236,08-MAR-2019,10,INE202B07HV0
DHFL,NF,1090,1090,1090,1090,1090,1090,121,131890,08-MAR-2019,10,INE202B07HZ1
DHFL,NL,970,970,954,959.86,957.25,959,270,258826.75,08-MAR-2019,9,INE202B07IK1
DHFL,NN,799.99,799.99,799.99,799.99,799.99,774,1,799.99,08-MAR-2019,1,INE202B07IM7
DHFL,NP,756,774,756,770,770,769.6,305,233457.5,08-MAR-2019,9,INE202B07IO3
DHFL,NQ,785,785,775,775.56,783.89,770.31,457,355107.07,08-MAR-2019,25,INE202B07IY2
DHFL,NS,750,770,750,754.26,750.01,764.55,387,293604.25,08-MAR-2019,17,INE202B07JA0
DHFL,NX,731.9,750,731.9,750,750,736.08,372,277294.9,08-MAR-2019,8,INE202B07JE2
DHFL,NY,850,850,850,850,850,890.38,4,3400,08-MAR-2019,1,INE202B07JF9
DHUNINV,EQ,260.1,275.25,260.1,260.8,260.6,263.25,669,175208.4,08-MAR-2019,42,INE320L01011
DIAMONDYD,EQ,910,924.05,900,919.05,920,903.75,19603,17677923.75,08-MAR-2019,386,INE393P01035
DIAPOWER,BZ,1.15,1.2,1.1,1.2,1.2,1.15,23758,27455.75,08-MAR-2019,28,INE989C01012
DICIND,EQ,359.95,373.8,359.95,360.05,360.05,360.15,255,92118,08-MAR-2019,28,INE303A01010
DIGJAMLTD,EQ,4.45,4.45,4.2,4.3,4.3,4.35,57907,248500.15,08-MAR-2019,127,INE731U01010
DISHTV,EQ,38.85,38.85,37.1,37.3,37.4,38.85,12226163,460037928.7,08-MAR-2019,27873,INE836F01026
DIVISLAB,EQ,1658,1665.9,1636,1647.4,1647,1650.9,428683,707392957.05,08-MAR-2019,21436,INE361B01024
DIXON,EQ,2400,2548,2387.95,2474.55,2478,2387.95,49998,123315842.75,08-MAR-2019,5287,INE935N01012
DLF,EQ,175.3,176.75,173.8,175.35,175.6,175.95,3005893,526272222.6,08-MAR-2019,21494,INE271C01023
DLINKINDIA,EQ,83.4,84.4,82.65,83.8,83.5,83.45,52407,4376291.1,08-MAR-2019,2135,INE250K01012
DMART,EQ,1453,1468.65,1445,1450.4,1445.5,1457.45,241894,351537760.45,08-MAR-2019,8620,INE192R01011
DNAMEDIA,BE,2.05,2.2,2,2,2,2.1,443053,896196,08-MAR-2019,161,INE016M01021
DOLLAR,EQ,293.6,293.6,286.45,290.2,290,293.65,10710,3108068.1,08-MAR-2019,306,INE325C01035
DOLPHINOFF,EQ,50.75,52.5,49.2,50.4,49.95,50.35,241199,12341862.85,08-MAR-2019,2265,INE920A01011
DONEAR,EQ,41,41.9,40,40.45,40.5,39.75,109657,4481941.4,08-MAR-2019,716,INE668D01028
DPSCLTD,EQ,12.5,13,12.5,12.9,12.6,12.7,2126,27414.25,08-MAR-2019,13,INE360C01024
DQE,EQ,6.8,6.8,6.45,6.75,6.75,6.75,2955,19921.1,08-MAR-2019,21,INE656K01010
DREDGECORP,EQ,429.15,449.4,421.55,437.1,437,429.75,691427,302562640.35,08-MAR-2019,19576,INE506A01018
DRREDDY,EQ,2668,2685.95,2606.5,2615.05,2623,2680.75,684806,1805207639,08-MAR-2019,31680,INE089A01023
DSSL,EQ,29.95,29.95,28.75,29,29,29.95,4449,129535.75,08-MAR-2019,54,INE417B01040
DTIL,EQ,239.35,239.35,230.55,231.85,231.05,236,605,140475.7,08-MAR-2019,36,INE341R01014
DUCON,EQ,10.9,11.1,10.75,10.95,10.9,11,66944,730030.7,08-MAR-2019,186,INE741L01018
DVL,EQ,96.9,96.95,93,95.15,95.6,96.75,11023,1048154.25,08-MAR-2019,246,INE477B01010
DWARKESH,EQ,30,31.7,30,30.7,30.9,30.35,1256199,38807505.1,08-MAR-2019,3664,INE366A01041
DYNAMATECH,EQ,1469.95,1491.3,1465,1471.45,1485,1478.9,528,780060.05,08-MAR-2019,106,INE221B01012
DYNPRO,EQ,125.4,127.7,118.5,121.55,120.55,123.3,28308,3461425.05,08-MAR-2019,515,INE256H01015
E2E,SM,45,45,45,45,45,45,46000,2070000,08-MAR-2019,2,INE255Z01019
EASTSILK,BE,1.65,1.7,1.65,1.7,1.7,1.7,1487,2521.9,08-MAR-2019,8,INE962C01027
EASUNREYRL,EQ,6.4,6.4,6.1,6.15,6.25,6.4,35859,222550.15,08-MAR-2019,83,INE268C01029
ECEIND,EQ,225.75,225.75,215.45,218.25,220.95,225.8,351,77069.4,08-MAR-2019,43,INE588B01014
ECLERX,EQ,1086.25,1110,1085.95,1094.7,1095,1034.6,102048,111866401.75,08-MAR-2019,7340,INE738I01010
ECLFINANCE,N5,1020,1022.94,1015,1022.28,1022.69,1017,1703,1736326.86,08-MAR-2019,23,INE804I08601
ECLFINANCE,N6,1049,1049,1031.1,1031.1,1031.1,1056.97,540,562981.25,08-MAR-2019,19,INE804I08619
ECLFINANCE,NB,1003,1003,1003,1003,1003,1007,197,197591,08-MAR-2019,10,INE804I07ZL1
ECLFINANCE,NN,975.15,975.15,975.15,975.15,975.15,980,5,4875.75,08-MAR-2019,1,INE804I076Z9
ECLFINANCE,NO,998,998,998,998,998,998.26,100,99800,08-MAR-2019,11,INE804I077Z7
ECLFINANCE,NP,1004.95,1005,1004.95,1004.99,1005,975,50,50249.5,08-MAR-2019,2,INE804I078Z5
ECLFINANCE,NR,990.75,995,988,994.95,995,990.75,9456,9380197.75,08-MAR-2019,244,INE804IA7014
EDELWEISS,EQ,163.1,163.95,161.05,162.5,162.55,164.75,2384564,387333686.15,08-MAR-2019,11318,INE532F01054
EDL,BE,7.55,8.1,7.55,7.9,7.9,7.8,9657,76345.15,08-MAR-2019,39,INE180G01019
EDUCOMP,BZ,2.6,2.6,2.6,2.6,2.6,2.5,12081,31410.6,08-MAR-2019,19,INE216H01027
EHFLNCD,N1,1041,1073.5,1041,1073.5,1073.5,1040.37,176,184603,08-MAR-2019,8,INE530L07178
EHFLNCD,N3,970,970,960,962.21,970,970,383,370509.5,08-MAR-2019,42,INE530L07194
EHFLNCD,N5,990,990,990,990,990,986,1,990,08-MAR-2019,1,INE530L07210
EHFLNCD,N6,990,1005,990,1005,1005,990,142,140610,08-MAR-2019,3,INE530L07228
EICHERMOT,EQ,21520,22093.45,21400.05,21871.05,21895,21521.5,195792,4277725180.75,08-MAR-2019,55900,INE066A01013
EIDPARRY,EQ,206.95,211,206,209.65,210.5,207.15,189917,39629745.85,08-MAR-2019,7345,INE126A01031
EIFFL,SM,114,114.15,113.75,113.75,113.75,114.15,7200,820240,08-MAR-2019,7,INE546V01010
EIHAHOTELS,EQ,388.9,407.8,381.5,397.6,393.05,384.95,17329,6882344.2,08-MAR-2019,1030,INE276C01014
EIHOTEL,EQ,189,201.1,189,198,196,190.5,860533,168756532.4,08-MAR-2019,19990,INE230A01023
EIMCOELECO,EQ,381,391,375.05,390.25,390,375.85,877,337239.55,08-MAR-2019,74,INE158B01016
EKC,EQ,28.95,29.4,28.5,28.55,28.6,28.95,73081,2096198.7,08-MAR-2019,385,INE184H01027
ELAND,EQ,5.85,5.85,5.6,5.75,5.75,5.65,3128,18025.25,08-MAR-2019,24,INE311H01018
ELECON,EQ,66.5,70,65.75,66.6,66.25,67.05,281457,19284466.9,08-MAR-2019,1782,INE205B01023
ELECTCAST,EQ,21.45,21.45,20.8,21.05,21.15,21.25,105823,2226372.85,08-MAR-2019,327,INE086A01029
ELECTHERM,EQ,176,195.8,176,190.9,187,176.45,70313,13155419.4,08-MAR-2019,1499,INE822G01016
ELGIEQUIP,EQ,258.2,263.3,257,257.4,258.1,260.8,1834764,472277279.15,08-MAR-2019,217,INE285A01027
ELGIRUBCO,EQ,24.15,24.85,24,24.1,24.1,24.4,1423,34441.25,08-MAR-2019,34,INE819L01012
EMAMILTD,EQ,392,394.85,381.1,383.1,383.25,391.6,620653,237893779.7,08-MAR-2019,20767,INE548C01032
EMAMIREAL,EQ,130.9,130.9,127.45,128.15,128.4,129.35,14470,1859506.85,08-MAR-2019,389,INE778K01012
EMCO,EQ,4.4,4.4,4.1,4.3,4.35,4.2,233104,1010184.4,08-MAR-2019,268,INE078A01026
EMKAY,EQ,95.85,97,92.55,95.65,94.7,95.75,24282,2318934.35,08-MAR-2019,484,INE296H01011
EMMBI,EQ,123.7,127.9,99,106.65,108.35,123.7,177220,19002608.3,08-MAR-2019,1707,INE753K01015
EMOFSR1RGG,MF,7.48,7.48,7.03,7.09,7.09,6.93,11010,78248.1,08-MAR-2019,13,INF754K01IR9
ENDURANCE,EQ,1162,1179.9,1162,1168.55,1168,1180.2,916051,1072198824.75,08-MAR-2019,23391,INE913H01037
ENERGYDEV,EQ,8.85,9,8.85,8.9,8.9,8.9,23823,212868.05,08-MAR-2019,89,INE306C01019
ENGINERSIN,EQ,112.5,113.3,109.4,110.5,110.5,112.45,1898197,211216329.05,08-MAR-2019,20941,INE510A01028
ENIL,EQ,541.7,541.75,530.5,532.25,531.1,533.8,1417,757225.55,08-MAR-2019,80,INE265F01028
EON,EQ,41,46.9,40.5,43.4,43.25,41.4,266001,11686881.05,08-MAR-2019,2101,INE076H01025
EQ30,EQ,279.9,287.7,277,287,287,272.56,184,52106.77,08-MAR-2019,14,INF754K01EM9
EQUITAS,EQ,127.2,128.05,123.5,124.7,124.75,127.25,1269581,159440123.3,08-MAR-2019,8253,INE988K01017
ERFLNCDI,N3,930,930,930,930,930,901.22,13,12090,08-MAR-2019,1,INE528S07094
ERFLNCDI,N5,917,917,900,900,900,899.98,30,27170,08-MAR-2019,2,INE528S07110
ERFLNCDI,N6,905,905,905,905,905,905,35,31675,08-MAR-2019,2,INE528S07128
ERIS,EQ,620.1,641,615,635.1,635,616.85,31114,19779803.6,08-MAR-2019,3144,INE406M01024
EROSMEDIA,EQ,86,87.9,85.5,86.5,86.8,86.5,456578,39641449.15,08-MAR-2019,5042,INE416L01017
ESABINDIA,EQ,860.1,905.95,860,891.35,890,870,3001,2664256.5,08-MAR-2019,383,INE284A01012
ESCORTS,EQ,731,735,723.5,729.85,731.45,735.3,885003,645398739.45,08-MAR-2019,17113,INE042A01014
ESSARSHPNG,EQ,11.45,12,10.75,11.7,11.65,11.25,24680,284306.95,08-MAR-2019,158,INE122M01019
ESSDEE,EQ,15.45,15.6,14.35,15,15.1,14.9,54467,821971.65,08-MAR-2019,167,INE825H01017
ESSELPACK,EQ,113,114.3,111.45,113,112.5,113.3,25548,2894172.15,08-MAR-2019,639,INE255A01020
ESTER,EQ,37,37.35,36.05,36.4,36.2,36.95,23325,853929.6,08-MAR-2019,330,INE778B01029
EUROCERA,BE,1.35,1.35,1.35,1.35,1.35,1.3,967,1305.45,08-MAR-2019,1,INE649H01011
EUROMULTI,BE,0.65,0.65,0.65,0.65,0.65,0.65,818,531.7,08-MAR-2019,3,INE063J01011
EUROTEXIND,EQ,15.2,15.2,15.2,15.2,15.2,14.85,1,15.2,08-MAR-2019,1,INE022C01012
EVEREADY,EQ,210,216,208.15,208.8,209,211.7,889734,188675313.2,08-MAR-2019,7601,INE128A01029
EVERESTIND,EQ,469,469.5,455,460.8,460,466.85,30627,14100877.85,08-MAR-2019,1217,INE295A01018
EXCEL,EQ,1.8,1.85,1.75,1.8,1.85,1.8,267906,479992.65,08-MAR-2019,114,INE688J01015
EXCELCROP,EQ,3694.95,3710.25,3539.3,3631.3,3630,3690.75,7552,27619910.7,08-MAR-2019,642,INE223G01017
EXCELINDUS,EQ,1224,1224,1202,1205.85,1203.35,1209.4,6482,7834352.1,08-MAR-2019,612,INE369A01029
EXIDEIND,EQ,223.6,226.5,220.95,224.45,224.2,223.75,996307,223670682.1,08-MAR-2019,14742,INE302A01020
FACT,EQ,37.2,37.5,36.6,36.85,36.65,36.45,111320,4132348.95,08-MAR-2019,957,INE188A01015
FAIRCHEM,EQ,427.9,440,425,435.3,439,426.9,4025,1753635.05,08-MAR-2019,197,INE959A01019
FCL,EQ,38.9,39.5,38.25,38.45,38.25,38.95,149965,5822727.85,08-MAR-2019,724,INE045J01026
FCONSUMER,EQ,49.95,51.65,49.7,50.7,50.65,50.1,3616692,183913176.8,08-MAR-2019,18762,INE220J01025
FCSSOFT,BE,0.2,0.25,0.2,0.2,0.25,0.25,479499,100894.8,08-MAR-2019,73,INE512B01022
FDC,EQ,175.55,176.75,169.55,174.05,173.5,175.4,30743,5333356.45,08-MAR-2019,799,INE258B01022
FEDERALBNK,EQ,87.85,88.75,87,87.55,87.4,87.95,6353771,557564740.55,08-MAR-2019,24907,INE171A01029
FEL,EQ,37.05,38.35,36.4,37.6,37.7,36.75,647351,24266397.45,08-MAR-2019,2050,INE623B01027
FELDVR,EQ,34.9,37,34.2,35.5,35.2,35.05,7581,271937.3,08-MAR-2019,79,IN9623B01058
FIEMIND,EQ,497.45,519.6,493,501.35,503.5,492.9,27790,14084376.2,08-MAR-2019,2140,INE737H01014
FILATEX,EQ,45.25,46.75,45.25,45.85,45.95,46.05,210534,9688498.2,08-MAR-2019,669,INE816B01027
FINCABLES,EQ,427,446,427,441.45,442,432.95,209107,91876109.75,08-MAR-2019,2832,INE235A01022
FINEORG,EQ,1199,1209,1145.2,1200.95,1200,1201.4,206556,240170775.05,08-MAR-2019,3559,INE686Y01026
FINPIPE,EQ,536,540.8,532.7,536.95,538,532.7,17451,9369117.9,08-MAR-2019,913,INE183A01016
FIVECORE,SM,91,91,90,90,90,91,2000,181000,08-MAR-2019,2,INE574Z01013
FLEXITUFF,EQ,46.05,48.9,46,46.5,48.7,46.95,3033,140477.35,08-MAR-2019,31,INE060J01017
FLFL,EQ,433.35,449,431.1,438.4,434.1,429.8,28588,12535979.45,08-MAR-2019,1107,INE452O01016
FMGOETZE,EQ,512,571.9,505.95,538.45,537,503.4,206428,114316730.2,08-MAR-2019,11032,INE529A01010
FMNL,EQ,48.3,57.6,47.95,57.6,57.6,48,535634,29228219.2,08-MAR-2019,3886,INE360L01017
FORTIS,EQ,135.1,135.85,134.75,134.95,134.9,135.1,438444,59208614.55,08-MAR-2019,6268,INE061F01013
FOSECOIND,EQ,1419.75,1419.8,1400,1411.8,1415,1404.9,775,1095410.35,08-MAR-2019,235,INE519A01011
FOURTHDIM,SM,29.25,29.25,27.8,27.8,27.8,29.25,55000,1602650,08-MAR-2019,6,INE382T01014
FRETAIL,EQ,449,455.35,442,447.85,445.35,449.75,308649,138333378.95,08-MAR-2019,12579,INE752P01024
FSC,EQ,620.2,633.75,616,626.55,632,622.35,908,567303.45,08-MAR-2019,94,INE935Q01015
FSL,EQ,47.15,47.4,45.6,45.8,45.8,47.15,1545335,71694716.8,08-MAR-2019,8354,INE684F01012
GABRIEL,EQ,156.5,156.5,150.85,152.15,152.1,154.3,45819,7025630.85,08-MAR-2019,1254,INE524A01029
GAEL,EQ,221,222,216,219.75,221.45,221.35,24933,5476298.05,08-MAR-2019,957,INE036B01022
GAIL,EQ,345,351,341.7,349.65,350.3,344.15,2717482,942913072.05,08-MAR-2019,59421,INE129A01019
GAL,EQ,5.55,5.8,5.55,5.6,5.75,5.6,189696,1068480.5,08-MAR-2019,84,INE482J01021
GALAXYSURF,EQ,1066.15,1119,1066,1101.45,1101,1085.6,8576,9407851.85,08-MAR-2019,2100,INE600K01018
GALLANTT,EQ,50,50,48.4,49,49.2,48.95,10214,501936.8,08-MAR-2019,149,INE297H01019
GALLISPAT,EQ,32.55,32.9,30.1,31,30.55,32.5,17454,546622.4,08-MAR-2019,113,INE528K01029
GAMMNINFRA,EQ,0.75,0.75,0.7,0.75,0.75,0.75,573229,416578.4,08-MAR-2019,148,INE181G01025
GANDHITUBE,EQ,367.95,367.95,355.3,355.95,355.5,366.3,2748,981146.75,08-MAR-2019,74,INE524B01027
GANECOS,EQ,242.05,250.05,241,242.25,242,245.9,3888,948945.5,08-MAR-2019,126,INE845D01014
GANESHHOUC,EQ,67.75,68.55,66.25,66.6,67,68.6,33221,2227257.75,08-MAR-2019,535,INE460C01014
GANGESSECU,EQ,47.25,47.25,47.1,47.15,47.1,49.25,100,4716.1,08-MAR-2019,3,INE335W01016
GANGOTRI,BZ,1.45,1.5,1.45,1.5,1.5,1.45,3523,5282,08-MAR-2019,20,INE670B01028
GARDENSILK,EQ,22.8,22.95,21.45,21.65,21.95,22.8,53712,1182687.4,08-MAR-2019,449,INE526A01016
GARFIBRES,EQ,1114.1,1125.6,1085.1,1120.2,1124.9,1105.95,1598,1783907.7,08-MAR-2019,279,INE276A01018
GATI,EQ,83.8,84.35,80.55,81.15,81.25,83.95,1024002,84709270.55,08-MAR-2019,5892,INE152B01027
GAYAHWS,EQ,0.9,0.95,0.85,0.9,0.95,0.9,93223,85770.75,08-MAR-2019,50,INE287Z01012
GAYAPROJ,EQ,168,169,165.8,167.4,167,168.7,4737,791947.55,08-MAR-2019,358,INE336H01023
GDL,EQ,122.5,125.8,121.6,122.45,122.1,123.85,41669,5181715.95,08-MAR-2019,864,INE852F01015
GEECEE,EQ,132,132,126,127.3,126.15,128.15,2750,350901.8,08-MAR-2019,100,INE916G01016
GEMINI,BZ,0.2,0.25,0.2,0.25,0.25,0.2,71020,17500.15,08-MAR-2019,40,INE878C01033
GENESYS,EQ,119.25,120.9,116.5,117.3,117,119.2,9544,1120832.8,08-MAR-2019,166,INE727B01026
GENUSPAPER,EQ,7.5,7.5,7,7.4,7.4,7.35,65538,481913.75,08-MAR-2019,161,INE949P01018
GENUSPOWER,EQ,33.8,34.6,32.65,32.95,32.85,33.5,324260,10889943.8,08-MAR-2019,1257,INE955D01029
GEOJITFSL,EQ,39.2,39.8,39,39.15,39.15,38.7,104667,4115242.8,08-MAR-2019,1611,INE007B01023
GEPIL,EQ,820.15,852.75,820.15,848.6,851,828.55,10550,8902525.75,08-MAR-2019,487,INE878A01011
GESHIP,EQ,286.7,291,285.1,288.1,288,286,45894,13228441.45,08-MAR-2019,1573,INE017A01032
GET&D,EQ,291.15,295.95,287,288.55,287.95,295.25,10929,3176365.05,08-MAR-2019,877,INE200A01026
GHCL,EQ,242.05,242.05,235,237.1,236.25,242.05,68361,16251602.05,08-MAR-2019,1515,INE539A01019
GICHSGFIN,EQ,248.1,251.6,248,248.8,248.3,249.65,18881,4707471.6,08-MAR-2019,643,INE289B01019
GICRE,EQ,246.15,249.3,241.25,243.1,243,248.15,50875,12426219.1,08-MAR-2019,2653,INE481Y01014
GILLANDERS,EQ,51.5,53,51.2,51.6,51.6,52.4,389,20112.3,08-MAR-2019,9,INE047B01011
GILLETTE,EQ,6500,6517.95,6410.65,6496.85,6471,6451.9,4192,27146515.05,08-MAR-2019,2123,INE322A01010
GINNIFILA,EQ,14.75,15.55,14.5,14.65,14.65,14.8,58872,878115.7,08-MAR-2019,249,INE424C01010
GIPCL,EQ,74.8,74.8,73,73.25,73.6,74.75,62566,4590485.45,08-MAR-2019,533,INE162A01010
GIRRESORTS,IT,126.25,126.25,126.25,126.25,0.0,132.85,5000,631250,08-MAR-2019,1,INE316N01015
GKWLIMITED,EQ,918.8,918.8,899.75,903.85,910,899.7,110,99590.1,08-MAR-2019,13,INE528A01020
GLAXO,EQ,1319.8,1319.8,1279.75,1311.7,1314,1299.55,17079,22198565.5,08-MAR-2019,4775,INE159A01016
GLENMARK,EQ,611.5,614,595.6,598.05,600,611.4,533133,320717071.5,08-MAR-2019,16957,INE935A01035
GLOBALVECT,EQ,62.05,64.7,58.15,60.4,60.2,62.65,5695,357513.85,08-MAR-2019,150,INE792H01019
GLOBOFFS,EQ,13.1,13.15,12.55,12.75,12.75,12.95,18178,233932.65,08-MAR-2019,93,INE446C01013
GLOBUSSPR,EQ,145,148,143.05,143.55,143.1,140.4,176682,25748707.05,08-MAR-2019,3473,INE615I01010
GMBREW,EQ,625.2,636,612,619.4,617,605.2,100146,62487230.75,08-MAR-2019,4630,INE075D01018
GMDCLTD,EQ,86.9,87,85.15,85.6,85.8,85.3,103231,8857588.5,08-MAR-2019,770,INE131A01031
GMMPFAUDLR,EQ,1180.95,1224.9,1180.05,1212.7,1215.95,1182.45,7844,9456300.8,08-MAR-2019,683,INE541A01023
GMRINFRA,EQ,16.85,17.05,16.7,16.85,16.85,16.9,8463138,142526494.85,08-MAR-2019,5708,INE776C01039
GNA,EQ,320.9,321,310.05,317.8,320,319.9,61306,19264659,08-MAR-2019,1738,INE934S01014
GNFC,EQ,281,289.5,279.05,287.15,286.75,282.65,331128,94125093.8,08-MAR-2019,9238,INE113A01013
GOACARBON,EQ,471.75,473.95,453.05,455.75,456,467.65,47501,21983159.6,08-MAR-2019,1982,INE426D01013
GOCLCORP,EQ,294.8,296.85,280.05,283.95,280.4,292.6,3663,1041923.45,08-MAR-2019,129,INE077F01035
GODFRYPHLP,EQ,927.9,963,921.9,946.25,956,927.8,575695,544789353.75,08-MAR-2019,21277,INE260B01028
GODHA,SM,20,20,18.8,18.85,18.8,20,68000,1350400,08-MAR-2019,17,INE925Y01010
GODREJAGRO,EQ,522.8,524.7,511.95,514.3,515,521.55,150490,77857818.45,08-MAR-2019,14056,INE850D01014
GODREJCP,EQ,710.45,714,701.75,708,706,708.3,629722,445132559.8,08-MAR-2019,16502,INE102D01028
GODREJIND,EQ,510,514.75,508.8,511.1,512.9,510.65,458957,234902492,08-MAR-2019,6825,INE233A01035
GODREJPROP,EQ,694,708.85,694,702.85,703,695.6,177518,124602360.55,08-MAR-2019,5756,INE484J01027
GOENKA,BZ,0.3,0.3,0.25,0.3,0.3,0.3,208585,62461.9,08-MAR-2019,75,INE516K01024
GOKEX,EQ,84.8,85.2,80.3,82.75,82.75,84.75,178659,14869914.85,08-MAR-2019,1031,INE887G01027
GOKUL,BE,9.45,9.85,9.1,9.8,9.85,9.45,9944,94244.9,08-MAR-2019,31,INE020J01029
GOKULAGRO,BE,13,13,12.5,12.55,12.6,13,13470,171074.9,08-MAR-2019,45,INE314T01025
GOLDBEES,EQ,2834.15,2854.8,2831.95,2846.85,2849.35,2832.45,8399,23908083.8,08-MAR-2019,1065,INF732E01102
GOLDENTOBC,BE,41.35,41.35,39.85,39.85,39.85,39.4,1007,40241.95,08-MAR-2019,8,INE973A01010
GOLDIAM,EQ,87.05,88.9,86.3,87.35,87,86.05,9947,871470.3,08-MAR-2019,225,INE025B01017
GOLDSHARE,EQ,2900,2900,2872.5,2887.95,2895,2896.25,229,661781.3,08-MAR-2019,54,INF789F01059
GOLDTECH,EQ,15.3,15.3,12.65,14.05,13.8,13.95,16572,240505.7,08-MAR-2019,109,INE805A01014
GOODLUCK,EQ,66.45,67.7,66.1,66.95,66.5,66.5,26755,1790633.45,08-MAR-2019,202,INE127I01024
GPIL,EQ,285.3,285.3,272,272.85,273.65,284.4,51628,14295619.95,08-MAR-2019,1864,INE177H01013
GPPL,EQ,89.1,89.5,87.1,88.8,89.25,89.1,173368,15333324.45,08-MAR-2019,1260,INE517F01014
GPTINFRA,EQ,56,56,51.15,51.4,51.15,53.65,3428,179309.3,08-MAR-2019,56,INE390G01014
GRANULES,EQ,104.55,114.4,101.75,111.3,111,104.2,12350943,1366519716.55,08-MAR-2019,65389,INE101D01020
GRAPHITE,EQ,468.7,469.6,455,457.65,455.95,464.1,1274960,587720056.5,08-MAR-2019,32541,INE371A01025
GRASIM,EQ,810.25,812.35,797.3,807.05,807.1,810.2,1267215,1017560510.9,08-MAR-2019,33962,INE047A01021
GRAVITA,EQ,73.7,77.65,72.3,76.15,76.35,74.25,84748,6493451.75,08-MAR-2019,1065,INE024L01027
GREAVESCOT,EQ,133,133,130.7,132.1,132.05,133.05,182816,24118740.2,08-MAR-2019,3073,INE224A01026
GREENLAM,EQ,790,825,790,802.15,799.75,812.8,1003,803931.95,08-MAR-2019,439,INE544R01013
GREENPLY,EQ,143.1,152,143.1,150.9,150.55,145.2,279778,41809700.65,08-MAR-2019,6770,INE461C01038
GREENPOWER,EQ,4.45,4.5,4.35,4.5,4.5,4.3,122669,549226.55,08-MAR-2019,108,INE999K01014
GRETEX,SM,6.7,6.7,6.7,6.7,6.7,7.05,6000,40200,08-MAR-2019,1,INE985P01012
GRINDWELL,EQ,567,616.9,567,594.35,595,573.05,57291,34009411.7,08-MAR-2019,3371,INE536A01023
GROBTEA,EQ,484,489.4,461.4,466.2,464.1,482.6,2207,1058591,08-MAR-2019,21,INE646C01018
GRPLTD,EQ,1055,1055,1030,1055,1055,1051,162,168173,08-MAR-2019,15,INE137I01015
GRSE,EQ,93.55,96.3,93.05,94.85,94.55,94.2,46905,4432154.3,08-MAR-2019,3162,INE382Z01011
GRUH,EQ,259.6,268.6,255.4,267.45,266.1,256.35,1350845,358382830.3,08-MAR-2019,21897,INE580B01029
GSCLCEMENT,EQ,23.2,23.45,22.75,23.15,23.2,23.2,16205,373159.05,08-MAR-2019,99,INE542A01039
GSFC,EQ,98,99,96.9,98.65,98.7,98.5,818853,80285639.95,08-MAR-2019,5190,INE026A01025
GSKCONS,EQ,6963,7125.95,6963,7040.15,7040,7076.75,27601,194532494.35,08-MAR-2019,7298,INE264A01014
GSPL,EQ,171.9,171.9,167.5,169.75,169.95,170.85,157569,26575101.05,08-MAR-2019,6225,INE246F01010
GSS,EQ,127.6,127.6,123.1,124.25,124,127.35,81139,10106712.85,08-MAR-2019,910,INE871H01011
GTL,BE,5.65,5.65,5.2,5.65,5.65,5.4,22026,123201.55,08-MAR-2019,87,INE043A01012
GTLINFRA,EQ,1.05,1.05,0.95,1.05,1.05,1,18059357,18535484.85,08-MAR-2019,1851,INE221H01019
GTNIND,EQ,10.4,10.4,9.45,9.95,10,9.65,9136,91930.8,08-MAR-2019,45,INE537A01013
GTNTEX,BE,9.5,9.9,9.5,9.9,9.9,9.45,1660,16430.4,08-MAR-2019,9,INE302H01017
GTPL,EQ,80.35,80.45,78.7,78.8,79,79.1,5110,404529.2,08-MAR-2019,251,INE869I01013
GUFICBIO,EQ,80.05,81.2,78.5,79.3,79.05,80.45,27863,2220996.7,08-MAR-2019,768,INE742B01025
GUJALKALI,EQ,513.3,527.5,512,524.9,525,516.4,58947,30754451.5,08-MAR-2019,3123,INE186A01019
GUJAPOLLO,EQ,157.7,157.75,154.35,157.25,155.4,155.1,2375,371879.3,08-MAR-2019,43,INE826C01016
GUJFLUORO,EQ,993,1023.8,981.65,1006.1,1011.9,993.05,101208,102166824.9,08-MAR-2019,4792,INE538A01037
GUJGASLTD,EQ,130,137.3,126,135.7,136,128.15,2356439,309060816.6,08-MAR-2019,28095,INE844O01030
GULFOILLUB,EQ,879.9,889.5,875,875.45,876,873.05,11900,10505215.85,08-MAR-2019,1053,INE635Q01029
GULFPETRO,EQ,59.2,59.25,57.5,57.85,58,58.3,10927,635946.5,08-MAR-2019,196,INE586G01017
GULPOLY,EQ,55.8,56.6,55,56.45,56.6,55.7,6127,341311.5,08-MAR-2019,172,INE255D01024
GVKPIL,EQ,7.95,8.2,7.9,8.05,8.05,7.95,1616142,13051476.2,08-MAR-2019,1504,INE251H01024
H1190M36RG,MF,12.63,12.63,12.63,12.63,12.63,12.62,500,6315,08-MAR-2019,1,INF179KB1PA4
HAL,EQ,679,679.75,661.55,665,666.95,678.7,13132,8797177.2,08-MAR-2019,1440,INE066F01012
HARITASEAT,EQ,460.55,466,440.05,448.3,450.25,461.1,9969,4529387.4,08-MAR-2019,545,INE939D01015
HARRMALAYA,EQ,74,75.5,71,72.3,72.5,73.7,14625,1070048.45,08-MAR-2019,433,INE544A01019
HATHWAY,EQ,27.3,27.3,24.8,25.6,26.2,26.9,228289,5927265.35,08-MAR-2019,1416,INE982F01036
HATSUN,EQ,682.95,695,670,684.4,680.05,676.7,6901,4738255,08-MAR-2019,919,INE473B01035
HAVELLS,EQ,719.7,729.5,717.65,727.85,727.4,718.45,1194157,866191557.85,08-MAR-2019,43159,INE176B01034
HAVISHA,BE,1.2,1.2,1.2,1.2,1.2,1.15,2107,2528.4,08-MAR-2019,4,INE293B01029
HBLPOWER,EQ,28.15,29.2,27.5,28.7,28.5,27.75,495100,14133096.45,08-MAR-2019,1789,INE292B01021
HBSL,EQ,7.35,7.95,7.35,7.75,7.95,7.6,2976,23347.75,08-MAR-2019,12,INE550B01022
HCC,EQ,13.95,14.55,13.6,14.15,14.15,13.7,6138957,87138558.5,08-MAR-2019,8575,INE549A01026
HCG,EQ,209.7,209.75,203.7,207.3,209.65,209.85,3514,729275.6,08-MAR-2019,310,INE075I01017
HCL-INSYS,EQ,21.55,21.6,20.8,20.85,20.85,21.6,423655,8929141.55,08-MAR-2019,1897,INE236A01020
HCLTECH,EQ,1029.4,1029.95,1006,1009.05,1007,1034.55,1588047,1612155942.65,08-MAR-2019,70882,INE860A01027
HDFC,EQ,1879,1888,1871.1,1884.05,1886.3,1880.2,1845737,3469935055.1,08-MAR-2019,134127,INE001A01036
HDFCAMC,EQ,1494,1494,1471.6,1488.4,1491,1495.95,100280,148980354.6,08-MAR-2019,7300,INE127D01025
HDFCBANK,EQ,2115.05,2130,2109.45,2128.2,2129,2126.5,1763365,3735433351.4,08-MAR-2019,102091,INE040A01026
HDFCLIFE,EQ,389.1,393.9,385,391.7,391,391.1,408930,159745768.05,08-MAR-2019,10484,INE795G01014
HDFCMFGETF,EQ,2924.95,2940,2922.45,2928.45,2933.95,2913.3,854,2503960.1,08-MAR-2019,156,INF179K01CN1
HDFCNIFETF,EQ,1147.24,1148.77,1141.6,1146.56,1148.77,1150.86,403,461010.49,08-MAR-2019,23,INF179KB1KP3
HDFCSENETF,EQ,3842,3842,3807,3835.51,3835.51,3842.17,63,240933.47,08-MAR-2019,12,INF179KB1KQ1
HDIL,EQ,24.55,24.7,24.2,24.55,24.6,24.55,2802205,68538301.55,08-MAR-2019,8592,INE191I01012
HEG,EQ,2235,2245,2190,2195.5,2190,2230.9,212626,470403394.8,08-MAR-2019,18842,INE545A01016
HEIDELBERG,EQ,176,182.8,174,176.55,176.5,176,388173,69221668.4,08-MAR-2019,9005,INE578A01017
HEOF1126RG,MF,9.02,9.3,9.02,9.3,9.3,9.4,6000,55520,08-MAR-2019,2,INF179KB1T82
HERCULES,EQ,115.4,115.9,112.05,112.5,112.8,113.7,18419,2088279.55,08-MAR-2019,378,INE688E01024
HERITGFOOD,EQ,497.9,502.95,489,492.45,494,493.65,21973,10910054.7,08-MAR-2019,1338,INE978A01027
HEROMOTOCO,EQ,2731,2758.45,2699.95,2740.35,2747.2,2730.1,674840,1835906041.05,08-MAR-2019,33701,INE158A01026
HESTERBIO,EQ,1444.8,1499.8,1439.95,1488.75,1498,1437.75,6948,10311315.9,08-MAR-2019,846,INE782E01017
HEXATRADEX,BE,23.85,23.85,21.95,22.15,22.2,23.1,8484,186833,08-MAR-2019,21,INE750M01017
HEXAWARE,EQ,349.5,351.15,341.2,346.05,345.85,351.2,1246873,429968204.9,08-MAR-2019,18244,INE093A01033
HFCL,EQ,23.7,23.85,22.95,23.1,23.15,23.6,2350581,54995498.05,08-MAR-2019,3835,INE548A01028
HGINFRA,EQ,269,270,252.2,254.95,257,271.5,41652,10870187.3,08-MAR-2019,2458,INE926X01010
HGS,EQ,626,641.65,624,630.65,634,635.15,3302,2081921.75,08-MAR-2019,1275,INE170I01016
HHOF1140RG,MF,7.62,8.03,7.62,8.03,8.03,8.01,3058,24199.65,08-MAR-2019,7,INF179KB1W87
HIGHGROUND,EQ,7.2,7.55,7,7.15,7.2,7.1,28840,210034.75,08-MAR-2019,123,INE361M01021
HIKAL,EQ,166.1,175,163.45,169.95,170.05,166.75,574702,98012087.75,08-MAR-2019,7926,INE475B01022
HIL,EQ,2028.1,2028.1,1937.5,1950.6,1937.6,2014.3,6083,11966107,08-MAR-2019,1409,INE557A01011
HILTON,EQ,24,24.85,23.1,24.05,24,24.25,66986,1632410.65,08-MAR-2019,452,INE788H01017
HIMATSEIDE,EQ,179,182.5,174.5,176.45,176.5,178.7,141334,25214198.05,08-MAR-2019,2755,INE049A01027
HINDALCO,EQ,197,197.6,193.6,195.55,196,200.6,10050458,1962751225.4,08-MAR-2019,60070,INE038A01020
HINDCOMPOS,EQ,235.9,242.3,230,231.6,231.5,235.95,1272,295829.95,08-MAR-2019,147,INE310C01029
HINDCON,SM,16.5,16.5,16.5,16.5,16.5,16,4000,66000,08-MAR-2019,1,INE642Y01011
HINDCOPPER,EQ,49.5,50.6,49.05,49.3,49.15,50.05,622626,31017032.1,08-MAR-2019,3278,INE531E01026
HINDMOTORS,EQ,6.8,7,6.55,6.8,7,6.85,230222,1556703.75,08-MAR-2019,443,INE253A01025
HINDNATGLS,EQ,83,84.85,82.1,84.75,84.75,84.15,2152,179694.7,08-MAR-2019,78,INE952A01022
HINDOILEXP,EQ,126.1,126.9,123.5,124.7,124.05,126.05,199237,24882803.15,08-MAR-2019,1971,INE345A01011
HINDPETRO,EQ,248.7,251.4,245.7,249.85,250.25,249,3780260,936908519.2,08-MAR-2019,62062,INE094A01015
HINDUJAVEN,EQ,325.85,333.1,320.65,328.65,328,321.05,4146,1364450.5,08-MAR-2019,233,INE353A01023
HINDUNILVR,EQ,1706,1718,1695.1,1701.6,1701.8,1705.4,1419614,2417176480.1,08-MAR-2019,50981,INE030A01027
HINDZINC,EQ,269,269.5,265.85,267.25,267.55,269.85,509873,136244065.75,08-MAR-2019,12203,INE267A01025
HIRECT,EQ,115.25,117.25,111.6,115.75,114.35,116.5,2624,300532.95,08-MAR-2019,64,INE835D01023
HISARMETAL,EQ,42.1,42.9,42,42.35,42,42.45,265,11194.4,08-MAR-2019,11,INE598C01011
HITECH,EQ,175,175,167.45,169.15,168.2,170,7703,1306807.85,08-MAR-2019,265,INE106T01017
HITECHCORP,EQ,109.2,111,108.05,108.5,108.5,108.75,1641,178134.5,08-MAR-2019,19,INE120D01012
HITECHGEAR,EQ,320.55,320.55,312.1,315.5,315.15,321.2,2603,823368.95,08-MAR-2019,134,INE127B01011
HMT,BZ,19.55,19.55,19.45,19.55,19.55,18.65,2322,45335.1,08-MAR-2019,14,INE262A01018
HMVL,EQ,113.05,113.05,109.65,110.6,109.65,112.3,9051,1007180.45,08-MAR-2019,478,INE871K01015
HNGSNGBEES,EQ,3276.99,3277.01,3276.99,3277,3277,3277,15,49155,08-MAR-2019,7,INF732E01227
HONAUT,EQ,21750,22150.15,21750,21998.8,21990,21975.25,866,19024267.2,08-MAR-2019,334,INE671A01010
HONDAPOWER,EQ,1098.25,1115.75,1080,1103.1,1105,1098.2,2209,2419610.95,08-MAR-2019,273,INE634A01018
HOTELEELA,EQ,12.8,12.85,12,12,12,12.6,848940,10283115.1,08-MAR-2019,1585,INE102A01024
HOTELRUGBY,BE,1.6,1.6,1.6,1.6,1.6,1.65,339,542.4,08-MAR-2019,2,INE275F01019
HOVS,EQ,140.15,142.9,138.65,141.5,142.9,141.15,5440,768380.6,08-MAR-2019,190,INE596H01014
HPL,EQ,58,60.3,56.7,58.95,59.5,57.65,102765,6078915.4,08-MAR-2019,1006,INE495S01016
HSCL,EQ,119,120.95,118.5,119,119.6,119.95,174251,20809617.45,08-MAR-2019,2086,INE019C01026
HSIL,EQ,240.15,241,228.8,233.1,232.65,241.15,63240,14893345.5,08-MAR-2019,1530,INE415A01038
HTMEDIA,EQ,42.9,44.2,42.7,43.65,43.85,42.35,98025,4273037.2,08-MAR-2019,792,INE501G01024
HUBTOWN,EQ,36.55,36.85,35.65,35.85,35.75,36.5,16202,583560.8,08-MAR-2019,269,INE703H01016
HUDCO,EQ,45.15,45.35,44.4,44.75,44.9,45.4,725062,32485503.85,08-MAR-2019,3534,INE031A01017
HUDCO,N2,1127,1129.95,1127,1129.95,1129.95,1127.08,603,680768.4,08-MAR-2019,8,INE031A07840
HUDCO,N3,1062.6,1067.48,1062,1063.02,1063,1068.98,2992,3178078.85,08-MAR-2019,23,INE031A07832
HUDCO,N5,1075,1080,1075,1080,1080,1074,929,1000325,08-MAR-2019,9,INE031A07865
HUDCO,N7,1113,1113,1112.99,1112.99,1112.99,1113,276,307186.24,08-MAR-2019,4,INE031A07881
HUDCO,N8,1119.99,1119.99,1102.01,1104.9,1104.9,1102,300,332690,08-MAR-2019,3,INE031A07AO5
HUDCO,ND,1197,1207.99,1197,1207.06,1207.99,1212.6,260,313232.57,08-MAR-2019,6,INE031A07949
HUDCO,NE,1290,1290,1280,1284.88,1284.88,1284.88,406,521289.21,08-MAR-2019,12,INE031A07AB2
IBREALEST,EQ,75.95,78.35,75.5,76.05,76.2,76.55,1905109,146456591.3,08-MAR-2019,11266,INE069I01010
IBUCCREDIT,N4,1000,1000,1000,1000,1000,975,1,1000,08-MAR-2019,1,INE244L07085
IBULHSGFIN,EQ,720,735.95,698,702,702,719.05,10113206,7246585128.7,08-MAR-2019,156425,INE148I01020
IBULHSGFIN,N6,933.55,933.55,933.55,933.55,933.55,975,25,23338.75,08-MAR-2019,1,INE148I07GF5
IBULHSGFIN,N8,932,932,932,932,932,902.8,55,51260,08-MAR-2019,2,INE148I07GJ7
IBULHSGFIN,NA,989.99,989.99,925,979,979,960,202,189048.98,08-MAR-2019,5,INE148I07GL3
IBULISL,EQ,318,332.65,305,329.8,327.85,316.85,152411,49929272.1,08-MAR-2019,2139,INE126M01010
IBVENTURES,EQ,286,288.8,281.8,283.3,283.15,286.6,274745,78245303,08-MAR-2019,5331,INE274G01010
ICEMAKE,SM,84.95,85.95,84.95,85.3,85.95,83.75,6000,511800,08-MAR-2019,3,INE520Y01019
ICICI500,EQ,149,149.89,146.8,146.97,146.97,146.45,31,4582.32,08-MAR-2019,16,INF109KC1CZ3
ICICIB22,EQ,36,36.19,35.5,36.01,35.95,36.01,2338620,84127120.33,08-MAR-2019,1913,INF109KB15Y7
ICICIBANK,EQ,369.8,373.4,367.65,370.6,370.7,370.8,16143455,5980341593.8,08-MAR-2019,120256,INE090A01021
ICICIGI,EQ,955,985,951.6,977.95,976.8,951.65,236708,228985496.95,08-MAR-2019,28687,INE765G01017
ICICIGOLD,EQ,29.35,29.35,29.05,29.2,29.25,29.15,4685,136704.7,08-MAR-2019,171,INF109KC1NT3
ICICILIQ,EQ,1000,1000,1000,1000,1000,1000,625,625000,08-MAR-2019,4,INF109KC1KT9
ICICILOVOL,EQ,87.4,87.4,86.95,87.33,87.33,87.67,311,27142.07,08-MAR-2019,5,INF109KB10T8
ICICIMCAP,EQ,67.9,68,64.65,64.97,64.9,65.32,11743,763885.34,08-MAR-2019,77,INF109KB1XT3
ICICINF100,EQ,118.8,119.42,118.8,119.37,119.37,119.15,1302,154785.06,08-MAR-2019,17,INF109KA1962
ICICINIFTY,EQ,116,116,114,115.04,115.25,115.28,34447,3963171.27,08-MAR-2019,3115,INF109K012R6
ICICINV20,EQ,55.05,55.3,55,55.26,55.26,55.37,892,49251.79,08-MAR-2019,36,INF109KB1WY5
ICICINXT50,EQ,28,28,27,27.53,27.6,27.56,8227,226330.05,08-MAR-2019,185,INF109KC1NS5
ICICIPRULI,EQ,323.6,348.9,322.65,342.25,343,330.2,6848042,2343096182.8,08-MAR-2019,76416,INE726G01019
ICICISENSX,EQ,387.61,387.61,385.45,386.06,386.06,388.13,161,62220.69,08-MAR-2019,6,INF346A01034
ICIL,EQ,40.8,41.45,39.15,41.35,41.25,40.5,740325,30085165.35,08-MAR-2019,4095,INE483B01026
ICRA,EQ,2852.65,2900,2845,2845.65,2845,2852.65,4416,12591389.75,08-MAR-2019,390,INE725G01011
IDBI,EQ,44.05,44.3,43.2,43.35,43.25,44.05,5093875,222205183.45,08-MAR-2019,11354,INE008A01015
IDBIGOLD,EQ,3029,3029,3000,3015,3015,3000,48,144475.95,08-MAR-2019,14,INF397L01554
IDEA,EQ,32,32.75,31.7,32.55,32.55,32,29618241,957152502.45,08-MAR-2019,28875,INE669E01016
IDFC,EQ,39.9,40.4,39,39.2,39.2,40,3912203,154209374.15,08-MAR-2019,7611,INE043D01016
IDFCFIRSTB,EQ,48.75,49.6,48.5,48.95,49,48.95,16409981,803463193.4,08-MAR-2019,29000,INE092T01019
IDFCFIRSTB,N1,4900,4970,4900,4950,4950,4921,26,128552,08-MAR-2019,7,INE092T08CC6
IDFCFIRSTB,N2,9200,9200,9180,9180,9180,9192.1,25,229700,08-MAR-2019,10,INE092T08CD4
IDFCFIRSTB,N4,8750.11,8750.11,8750.11,8750.11,8750.11,8750.11,10,87501.1,08-MAR-2019,3,INE092T08CF9
IDFCFIRSTB,N7,5195,5195,5195,5195,5195,5180,2,10390,08-MAR-2019,2,INE092T08CI3
IDFCFIRSTB,N8,9063.5,9064.35,9063.5,9064.35,9064.35,9090,6,54382.7,08-MAR-2019,3,INE092T08CJ1
IDFCFIRSTB,N9,4949.01,4950,4921,4940.37,4937,4949,56,276387.08,08-MAR-2019,13,INE092T08CK9
IDFCFIRSTB,NA,9011,9050,9011,9050,9050,9025.1,12,108444,08-MAR-2019,3,INE092T08CL7
IDFCFIRSTB,NB,4966,4966,4966,4966,4966,4920,2,9932,08-MAR-2019,1,INE092T08CM5
IDFCFIRSTB,NC,8600,8604,8600,8604,8604,8685,19,163456,08-MAR-2019,5,INE092T08CN3
IDFCFIRSTB,ND,5140.01,5170,5140.01,5170,5170,5199,8,41250.04,08-MAR-2019,3,INE092T08CO1
IDFCFIRSTB,NE,8360,8360,8360,8360,8360,8350,4,33440,08-MAR-2019,1,INE092T08CP8
IEX,EQ,160.05,160.05,157.1,157.65,157.35,160.7,16697,2636136.6,08-MAR-2019,1826,INE022Q01020
IFBAGRO,EQ,492.05,539.9,490.75,517.85,516,493.9,10215,5173749.85,08-MAR-2019,773,INE076C01018
IFBIND,EQ,890,909,866.05,893.4,895,883.35,12300,10931077.6,08-MAR-2019,1191,INE559A01017
IFCI,EQ,13.75,13.9,13.4,13.5,13.5,13.8,2368474,32222333.7,08-MAR-2019,6732,INE039A01010
IFCI,NH,1002.1,1003.75,1000,1003,1003,1002,3358,3361628.5,08-MAR-2019,20,INE039A07801
IFCI,NJ,999,999,999,999,999,999,45,44955,08-MAR-2019,1,INE039A07827
IFCI,NM,1350,1360,1350,1351.81,1350,1400,156,210840,08-MAR-2019,8,INE039A07850
IFGLEXPOR,EQ,226.95,235,226.95,228,228.1,227.7,1891,432436.15,08-MAR-2019,72,INE133Y01011
IGARASHI,EQ,400,403.9,392,396.35,393.15,398.9,10105,4018495.8,08-MAR-2019,724,INE188B01013
IGL,EQ,289.65,294.75,287.15,293.8,294.5,289.3,1073058,312663648.05,08-MAR-2019,22383,INE203G01027
IGPL,EQ,312.7,323.5,305.05,318.15,320.9,309.65,44689,13982794.85,08-MAR-2019,1063,INE204A01010
IIFCL,N2,1121.9,1121.9,1121.9,1121.9,1121.9,1121.9,60,67314,08-MAR-2019,1,INE787H07354
IIFCL,N4,1260,1263.75,1248.1,1263.36,1263.75,1270,1366,1720137.25,08-MAR-2019,33,INE787H07370
IIFL,EQ,366.2,368,358.25,364.15,363.1,362.6,144014,52452780.7,08-MAR-2019,9919,INE530B01024
IIFLFIN,ND,999,999,999,999,999,999,5,4995,08-MAR-2019,1,INE866I07BZ1
IIFLFIN,NF,997,998,995.1,995.89,995.1,999,600,598243,08-MAR-2019,13,INE866I07CD6
IIFLFIN,NG,994.5,994.5,994.5,994.5,994.5,993,4,3978,08-MAR-2019,1,INE866I07CF1
IIFLFIN,NI,985,990,985,990,990,960,150,147996.4,08-MAR-2019,3,INE866I08295
IIHFL,N2,1022,1022,1017.15,1021,1021,1021.05,588,600801.8,08-MAR-2019,5,INE477L08014
IL&FSENGG,BE,9.5,9.5,9.25,9.4,9.3,9.3,14162,133583.6,08-MAR-2019,58,INE369I01014
IL&FSTRANS,EQ,6.85,6.85,6.7,6.75,6.75,6.7,204194,1384063.45,08-MAR-2019,450,INE975G01012
IMFA,EQ,267,273.5,263.3,264.5,264.15,268.65,37233,9947636.4,08-MAR-2019,1322,INE919H01018
IMPAL,EQ,900.35,908.9,883,887.85,890,911.95,1080,961699,08-MAR-2019,97,INE547E01014
IMPEXFERRO,BE,0.3,0.35,0.3,0.35,0.35,0.35,2086,680.8,08-MAR-2019,3,INE691G01015
INDBANK,EQ,10,10.3,9.8,9.85,10,10,26902,268808.3,08-MAR-2019,167,INE841B01017
INDHOTEL,EQ,143,148,141.5,144.55,144.2,142.2,3885045,563316026.25,08-MAR-2019,32268,INE053A01029
INDIACEM,EQ,95.45,97.3,94.6,96.15,96.05,96.5,3665486,351110422.75,08-MAR-2019,12032,INE383A01012
INDIAGLYCO,EQ,308,309.9,296.6,298.95,297.75,309.6,212821,64278068.95,08-MAR-2019,5047,INE560A01015
INDIANB,EQ,249,255,245.15,253.3,253.3,249.8,2124915,532668879.2,08-MAR-2019,21342,INE562A01011
INDIANCARD,EQ,102,123.1,100,114.85,118,102.9,11396,1299799.65,08-MAR-2019,224,INE061A01014
INDIANHUME,EQ,298.95,302,291.3,292.85,293.65,298.9,21612,6396666.85,08-MAR-2019,687,INE323C01030
INDIGO,EQ,1220,1256,1216.7,1243,1243,1221.15,1335943,1663953354.9,08-MAR-2019,35041,INE646L01027
INDIGRID,IV,83.5,83.98,83.5,83.63,83.6,83.8,295974,24740313.57,08-MAR-2019,45,INE219X23014
INDLMETER,EQ,45.95,45.95,44.05,45.1,45.95,45.55,1298,58440.2,08-MAR-2019,18,INE065B01013
INDNIPPON,EQ,443.25,465,443.25,457.1,457,452.25,13805,6318434,08-MAR-2019,478,INE092B01025
INDOCO,EQ,187.3,187.45,184,184.95,185,185.8,59935,11090795.85,08-MAR-2019,218,INE873D01024
INDORAMA,BE,34.5,35,34.5,34.85,34.9,34.5,133179,4627560.75,08-MAR-2019,37,INE156A01020
INDOSOLAR,BE,2.1,2.2,2.1,2.2,2.2,2.1,160693,353169.65,08-MAR-2019,106,INE866K01015
INDOSTAR,EQ,354.15,358.3,347,350.75,349.55,355.2,37260,13191024.9,08-MAR-2019,2589,INE896L01010
INDOTECH,EQ,124.45,124.45,97.5,111.9,111.75,121.65,37680,4255604.85,08-MAR-2019,806,INE332H01014
INDOTHAI,EQ,39,40.4,36.55,37.5,36.6,39.25,64878,2475971.9,08-MAR-2019,833,INE337M01013
INDOWIND,EQ,6,6,5.55,5.7,5.7,5.9,40562,233210.85,08-MAR-2019,85,INE227G01018
INDRAMEDCO,EQ,38.85,39.4,38.65,38.85,38.75,39.2,15548,605048.5,08-MAR-2019,266,INE681B01017
INDSWFTLAB,EQ,45.6,46.7,44.5,45.9,45.9,44.65,25076,1141198.5,08-MAR-2019,141,INE915B01019
INDSWFTLTD,EQ,6.75,7.05,6.45,7,7,6.75,86956,588192.95,08-MAR-2019,115,INE788B01028
INDTERRAIN,EQ,129.55,130.85,125.3,129.5,128.05,127.45,1721,220363.8,08-MAR-2019,136,INE611L01021
INDUSINDBK,EQ,1529,1531.6,1507.95,1518,1515,1531.25,966595,1467450072.3,08-MAR-2019,70511,INE095A01012
INEOSSTYRO,EQ,550.4,551,531,536.35,536,551.95,4849,2609842.2,08-MAR-2019,318,INE189B01011
INFIBEAM,EQ,40.45,40.45,39.05,39.4,39.35,40.55,5306628,210119549.5,08-MAR-2019,12204,INE483S01020
INFRABEES,EQ,311,313.44,310,311.52,312.54,311,1072,334249.49,08-MAR-2019,18,INF732E01268
INFRATEL,EQ,304.8,310,304.05,305.5,305.8,305.65,2175387,666987667.8,08-MAR-2019,32065,INE121J01017
INFY,EQ,722.95,722.95,710.65,712.35,713.2,722.95,7193994,5142023171.55,08-MAR-2019,154378,INE009A01021
INGERRAND,EQ,584.9,595.4,575,590.85,588.65,578.65,13088,7697658.35,08-MAR-2019,1089,INE177A01018
INNOVANA,SM,338.1,338.1,338,338.1,338.1,322,3600,1217120,08-MAR-2019,7,INE403Y01018
INOXLEISUR,EQ,295.5,309,292.7,305.7,305.5,293.3,196005,58990002.55,08-MAR-2019,5218,INE312H01016
INOXWIND,EQ,77.4,77.95,74.65,74.95,75,76.2,32106,2428959.2,08-MAR-2019,720,INE066P01011
INSECTICID,EQ,664.4,676,651.6,670.25,666,667.3,27684,18510250.55,08-MAR-2019,888,INE070I01018
INSPIRISYS,EQ,56.85,56.85,54.7,55,55,55,14359,802312.7,08-MAR-2019,60,INE020G01017
INTEGRA,BE,1.6,1.6,1.6,1.6,1.6,1.6,51,81.6,08-MAR-2019,1,INE418N01027
INTELLECT,EQ,194,196.65,188.6,190.3,191.3,194.9,193085,37211388.5,08-MAR-2019,5838,INE306R01017
INTENTECH,EQ,44.9,44.9,40.5,40.8,41,42.45,14213,590160.3,08-MAR-2019,85,INE781A01025
INVENTURE,EQ,14.3,14.3,14,14,14,13.9,260,3685.1,08-MAR-2019,4,INE878H01016
IOB,EQ,14.45,14.85,14,14.5,14.45,14.4,954748,13944905.75,08-MAR-2019,3390,INE565A01014
IOC,EQ,150,150.9,144.7,148.7,149,150.2,16049350,2360594361.8,08-MAR-2019,109525,INE242A01010
IOLCP,EQ,194.5,195.6,186.6,188.5,189,194.25,324091,61523897.05,08-MAR-2019,3878,INE485C01011
IPAPPM,EQ,480,481.8,467.05,474.8,474.35,479,52874,25057896.6,08-MAR-2019,2237,INE435A01028
IPCALAB,EQ,873,917.4,864,887.05,890,870.45,485914,433955848.5,08-MAR-2019,19873,INE571A01020
IRB,EQ,147.4,148.8,145.3,147.55,147.7,147.7,968499,142496326.75,08-MAR-2019,9026,INE821I01014
IRBINVIT,IV,66.6,66.84,66.51,66.55,66.65,66.84,515000,34304150,08-MAR-2019,83,INE183W23014
IRCON,EQ,423.6,440,420,429.9,428,426.25,105372,45315852.3,08-MAR-2019,3155,INE962Y01013
IRFC,N1,1075.15,1078,1075.15,1078,1078,1080,50,53814.5,08-MAR-2019,5,INE053F07520
IRFC,N3,1065.87,1074,1060,1074,1074,1073.98,752,800388.88,08-MAR-2019,9,INE053F07561
IRFC,N4,1087,1087,1087,1087,1087,1085.17,100,108700,08-MAR-2019,1,INE053F07579
IRFC,N9,1180,1180,1180,1180,1180,1165,1,1180,08-MAR-2019,1,INE053F07678
IRFC,NA,1232,1232,1231.7,1231.7,1231.7,1240,100,123176,08-MAR-2019,2,INE053F07686
IRFC,NI,1066.16,1074.8,1066.15,1074.8,1074.8,1082.88,198,211280.1,08-MAR-2019,9,INE053F07827
IRFC,NJ,1108,1118.58,1108,1118.58,1118.58,1118.58,186,206369.74,08-MAR-2019,3,INE053F07835
IRFC,NK,1141,1141,1140,1140,1140,1130.66,267,304382,08-MAR-2019,4,INE053F07843
IRFC,NN,1090,1090,1090,1090,1090,1067,300,327000,08-MAR-2019,1,INE053F07892
IRISDOREME,SM,140,140,140,140,140,143,422400,59136000,08-MAR-2019,37,INE01GN01017
ISEC,EQ,228.2,237.35,226.6,233.7,236.2,229.95,162028,37842329.5,08-MAR-2019,3732,INE763G01038
ISFT,EQ,155.9,155.9,142.5,149.25,148,148.5,8213,1227402.75,08-MAR-2019,167,INE566K01011
ISMTLTD,BE,6.95,7.05,6.9,6.9,6.95,6.9,4641,32195.55,08-MAR-2019,12,INE732F01019
ITC,EQ,290.3,293,288.4,292,291.7,290.1,12681454,3696980599.2,08-MAR-2019,159797,INE154A01025
ITDC,EQ,281.85,292.95,279,284.5,283,281.45,114524,32790845.7,08-MAR-2019,3205,INE353K01014
ITDCEM,EQ,114.5,124,114.5,122.7,123.6,115.25,370888,44958238.85,08-MAR-2019,5909,INE686A01026
ITI,EQ,96.85,96.85,94.5,94.75,94.9,97.15,450512,42963431.2,08-MAR-2019,3264,INE248A01017
IVC,EQ,5.6,5.6,5.6,5.6,5.6,5.35,79824,447014.4,08-MAR-2019,84,INE050B01023
IVP,EQ,115,126.5,112.3,120.7,118.2,116.7,10444,1276274.9,08-MAR-2019,306,INE043C01018
IVRCLINFRA,EQ,1,1.05,0.95,1.05,1.05,1,1539587,1600704.45,08-MAR-2019,310,INE875A01025
IVZINGOLD,EQ,2920,3150,2920,3116,3116,2915.55,51,155616,08-MAR-2019,7,INF205K01361
IVZINNIFTY,EQ,1154.2,1154.2,1154.2,1154.2,1154.2,1155.7,1,1154.2,08-MAR-2019,1,INF205K01DA9
IZMO,EQ,59.35,62.6,59.35,60.05,60,59.6,38560,2356419.95,08-MAR-2019,389,INE848A01014
J&KBANK,EQ,45.75,47,45.2,45.7,45.55,46.05,940813,43335818.7,08-MAR-2019,6179,INE168A01041
JAGRAN,EQ,103,104,102,103.1,103,102.6,83225,8559508.1,08-MAR-2019,2023,INE199G01027
JAGSNPHARM,EQ,29.25,29.25,27.55,27.95,28.4,28.25,4934,138742.55,08-MAR-2019,61,INE048B01027
JAIBALAJI,EQ,18.15,19.45,18,18.8,19.1,18.85,41567,783847.2,08-MAR-2019,87,INE091G01018
JAICORPLTD,EQ,102,113.5,102,108.25,108,100.25,7478763,820061799.55,08-MAR-2019,47540,INE070D01027
JAIHINDPRO,BE,1.9,1.9,1.85,1.9,1.9,1.9,1514,2835.9,08-MAR-2019,4,INE343D01010
JAINSTUDIO,BZ,3.7,3.75,3.7,3.75,3.75,3.6,860,3222,08-MAR-2019,3,INE486B01011
JAKHARIA,SM,183,183.5,183,183.5,183.5,182.1,33600,6158400,08-MAR-2019,8,INE00N401018
JALAN,SM,14,14,14,14,14,13.7,6000,84000,08-MAR-2019,2,INE349X01015
JAMNAAUTO,EQ,60,61.4,59.4,59.6,59.7,60.4,424855,25506298.8,08-MAR-2019,3022,INE039C01032
JASH,SM,83.9,83.9,83.9,83.9,83.9,80.5,1200,100680,08-MAR-2019,1,INE039O01011
JAYAGROGN,EQ,214.35,218.55,201.6,205.9,206.9,213.1,93759,19888854,08-MAR-2019,2684,INE785A01026
JAYBARMARU,EQ,264,266.95,261,264.6,266,266.7,12683,3338952.55,08-MAR-2019,481,INE571B01028
JAYNECOIND,BE,5.1,5.1,5,5.1,5.1,4.9,115418,581334.35,08-MAR-2019,72,INE854B01010
JAYSREETEA,EQ,72.4,73.4,71.5,71.95,71.7,72.3,42209,3056923.9,08-MAR-2019,645,INE364A01020
JBCHEPHARM,EQ,340.25,341,333.05,336.55,334,337.45,18313,6181857.9,08-MAR-2019,601,INE572A01028
JBFIND,BE,20.95,21.3,20,21,21,20.35,65101,1356729.35,08-MAR-2019,154,INE187A01017
JBMA,EQ,294,294,283.45,287.25,286.5,291.6,12581,3608206.85,08-MAR-2019,485,INE927D01028
JCHAC,EQ,1933.4,1980,1910,1963.5,1950,1918.1,20542,39417442.8,08-MAR-2019,835,INE782A01015
JETAIRWAYS,EQ,236.1,246.4,236.1,243.25,242.8,242.25,8461261,2052557597.9,08-MAR-2019,77159,INE802G01018
JHS,EQ,28.35,28.6,27.7,28.1,28.6,28.25,34212,957088.45,08-MAR-2019,259,INE544H01014
JIKIND,BE,0.45,0.45,0.4,0.4,0.4,0.45,2220,937.5,08-MAR-2019,8,INE026B01049
JINDALPHOT,EQ,27.5,28,25.4,25.4,25.4,26.7,22576,586334.05,08-MAR-2019,159,INE796G01012
JINDALPOLY,EQ,248.35,266.9,246.1,260.25,259.95,249.85,64575,16757647.25,08-MAR-2019,2538,INE197D01010
JINDALSAW,EQ,93,93.95,90.6,91.05,91.4,93.25,469890,43262049.5,08-MAR-2019,3081,INE324A01024
JINDALSTEL,EQ,164.65,165.8,161.65,162.75,162.75,167.35,8315379,1357367151.4,08-MAR-2019,50723,INE749A01030
JINDCOT,BE,4.5,4.6,4.5,4.6,4.6,4.4,3341,15360.4,08-MAR-2019,10,INE904J01016
JINDRILL,EQ,102.75,105.2,100.2,102.15,101.95,103.5,33911,3488368.25,08-MAR-2019,741,INE742C01031
JINDWORLD,EQ,76.5,77.5,74.55,75.65,75.6,76.15,263519,19995791.5,08-MAR-2019,1525,INE247D01039
JISLDVREQS,EQ,41.85,42.05,41.2,41.55,41.7,41.85,15626,648344,08-MAR-2019,147,IN9175A01010
JISLJALEQS,EQ,62.95,62.95,60.45,60.75,60.75,62.7,3985880,244033265.6,08-MAR-2019,9435,INE175A01038
JITFINFRA,BE,16.45,16.5,15.85,16,16.1,15.75,8495,137141,08-MAR-2019,46,INE863T01013
JKCEMENT,EQ,800,814,786,810.65,812.5,802.55,52535,42317902.1,08-MAR-2019,2691,INE823G01014
JKIL,EQ,163.8,169.9,162.5,166.5,166.5,164.3,204286,34127806.55,08-MAR-2019,3869,INE576I01022
JKLAKSHMI,EQ,343.2,345.7,340,340.2,342,343.2,30352,10357346.95,08-MAR-2019,1415,INE786A01032
JKPAPER,EQ,145,145.6,140.6,141.85,141.8,145.65,1018929,145422852.3,08-MAR-2019,10315,INE789E01012
JKTYRE,EQ,91.9,92.1,90.8,91.6,91.4,92.25,831019,76089431.65,08-MAR-2019,5627,INE573A01042
JMA,EQ,168,171,168,168.85,168,168.8,495,83265,08-MAR-2019,7,INE412C01015
JMCPROJECT,EQ,103.9,114.55,103.5,111.6,111,104.2,420968,47173242.2,08-MAR-2019,4110,INE890A01024
JMFINANCIL,EQ,85.75,86.2,84.2,85.15,85,85.7,231206,19696666.95,08-MAR-2019,3173,INE780C01023
JMTAUTOLTD,EQ,2.9,2.9,2.8,2.85,2.85,2.8,45696,129525.2,08-MAR-2019,130,INE988E01036
JOCIL,EQ,122.6,122.65,120,122.3,122.6,120.9,173,20979.3,08-MAR-2019,14,INE839G01010
JPASSOCIAT,EQ,6.6,6.8,6.5,6.55,6.55,6.6,13805143,91212298.55,08-MAR-2019,26695,INE455F01025
JPINFRATEC,EQ,3.65,3.65,3.4,3.4,3.4,3.55,1728532,5963955.95,08-MAR-2019,553,INE099J01015
JPOLYINVST,EQ,30,38.15,29.1,38.15,38.15,31.8,47353,1770555,08-MAR-2019,455,INE147P01019
JPPOWER,EQ,2.4,2.4,2.35,2.35,2.35,2.45,4664066,10978320.2,08-MAR-2019,1126,INE351F01018
JSL,EQ,41.5,42.5,40.25,42,42.1,41.45,824115,34453972.15,08-MAR-2019,2402,INE220G01021
JSLHISAR,EQ,91.05,92.7,90.55,91.05,92.1,91.95,589496,53762819.55,08-MAR-2019,3610,INE455T01018
JSWENERGY,EQ,70.4,70.7,67.8,68.4,68.2,70.3,1714010,118245602.4,08-MAR-2019,11643,INE121E01018
JSWHL,EQ,2738,2740,2656.3,2710.65,2740,2738.95,1754,4747959.4,08-MAR-2019,424,INE824G01012
JSWSTEEL,EQ,288.2,289.4,284.2,286.4,287.4,289.7,5961633,1706607027.7,08-MAR-2019,39069,INE019A01038
JSWSTEEL,P2,4.65,4.75,4.65,4.7,4.75,4.7,6098,28397.35,08-MAR-2019,15,INE019A04024
JTEKTINDIA,EQ,104.9,107,103.5,106.6,106.5,104.65,54686,5774827,08-MAR-2019,909,INE643A01035
JUBILANT,EQ,787.95,795.9,745,769.2,767.7,785.55,1039008,800719893,08-MAR-2019,39258,INE700A01033
JUBLFOOD,EQ,1327.2,1347.9,1315.1,1339.6,1345.7,1326.2,1357561,1807202615.65,08-MAR-2019,35984,INE797F01012
JUBLINDS,EQ,131.3,136.4,129.2,130.45,130.5,133.9,45956,6112042.15,08-MAR-2019,1504,INE645L01011
JUNIORBEES,EQ,282.4,284.5,280.65,282.69,283.41,283.66,84376,23796107.2,08-MAR-2019,1027,INF732E01045
JUSTDIAL,EQ,532.9,574,528.85,562.1,557,532.25,3467951,1909507334.6,08-MAR-2019,53288,INE599M01018
JVLAGRO,BZ,3.4,3.55,3.35,3.4,3.4,3.5,121569,418443.55,08-MAR-2019,99,INE430G01026
JYOTHYLAB,EQ,186.3,190.9,185.7,187.1,187.05,186.15,75602,14265796.9,08-MAR-2019,2146,INE668F01031
JYOTISTRUC,BZ,1.2,1.2,1.2,1.2,1.2,1.15,9495,11394,08-MAR-2019,18,INE197A01024
KABRAEXTRU,EQ,75.05,75.1,71.45,73.35,74,73.9,17416,1283849.9,08-MAR-2019,148,INE900B01029
KAJARIACER,EQ,568.4,569,562,566.1,565.2,567.3,213223,120546812.05,08-MAR-2019,4331,INE217B01036
KAKATCEM,EQ,181.95,183,176.1,178.25,177,181.6,13422,2402578,08-MAR-2019,385,INE437B01014
KALPATPOWR,EQ,407.7,407.7,395.05,399.35,400,403.05,15298,6125408.55,08-MAR-2019,1337,INE220B01022
KALYANIFRG,BE,282.85,296.8,272.2,285.35,285.15,285.85,356,101360.9,08-MAR-2019,19,INE314G01014
KAMATHOTEL,EQ,45.8,50.4,45.55,49.65,49.6,45.9,413034,19882636.8,08-MAR-2019,2425,INE967C01018
KAMDHENU,EQ,172.7,174,165.6,173.05,174,172.6,23869,4027849.3,08-MAR-2019,625,INE390H01012
KANANIIND,EQ,4.75,5.7,4.75,5.4,5.55,4.75,22628,120471.75,08-MAR-2019,81,INE879E01037
KANORICHEM,EQ,64.05,64.1,62.35,63.3,62.8,63.95,18887,1196875.15,08-MAR-2019,270,INE138C01024
KANSAINER,EQ,435.9,448,433,444.6,441.3,434,304049,134402674.95,08-MAR-2019,5313,INE531A01024
KARDA,EQ,201,201.5,195.1,200.55,200,198.15,34828,6984465.1,08-MAR-2019,220,INE278R01018
KARMAENG,EQ,17.4,17.4,16.75,17.1,16.9,17.55,3884,65975.55,08-MAR-2019,31,INE725L01011
KARURVYSYA,EQ,71.4,71.45,68.75,69.45,68.9,70.7,668812,46942894.55,08-MAR-2019,3492,INE036D01028
KAVVERITEL,EQ,5.55,5.55,5.2,5.45,5.45,5.45,1030,5468.1,08-MAR-2019,22,INE641C01019
KAYA,EQ,752.05,761.95,748.05,751.3,751.3,764.15,1343,1012799.75,08-MAR-2019,169,INE587G01015
KCP,EQ,92,93.4,89.35,90.85,90.6,92.7,37021,3368521.55,08-MAR-2019,469,INE805C01028
KCPSUGIND,EQ,18.1,18.3,17.85,17.95,17.95,18.15,97582,1763954,08-MAR-2019,245,INE790B01024
KDDL,EQ,444.4,456.95,444,451.05,450,454.3,321,144304.95,08-MAR-2019,31,INE291D01011
KEC,EQ,273.4,273.55,261.15,266.5,269,273.9,525772,139421785.25,08-MAR-2019,18863,INE389H01022
KECL,EQ,18.2,18.65,17.8,18,17.8,18.65,20926,378010,08-MAR-2019,174,INE134B01017
KEERTI,SM,79.95,79.95,79.9,79.9,79.9,76.8,4000,319700,08-MAR-2019,2,INE586X01012
KEI,EQ,389.9,390.9,382.4,389.05,388.35,391,54843,21236572.55,08-MAR-2019,3292,INE878B01027
KELLTONTEC,BE,39.15,39.15,37.5,37.75,37.6,38.55,21606,826480.5,08-MAR-2019,124,INE164B01022
KERNEX,BE,21.8,22.3,21.8,22.25,22.25,22.9,2783,61375.95,08-MAR-2019,13,INE202H01019
KESARENT,EQ,29.6,29.6,29.55,29.55,29.55,30.25,70,2071,08-MAR-2019,4,INE133B01019
KESORAMIND,EQ,73.65,75.7,73.25,74.45,74.7,73.65,227961,16966948.9,08-MAR-2019,2809,INE087A01019
KEYCORPSER,EQ,45.6,45.6,45.6,45.6,45.6,47.1,800,36480,08-MAR-2019,2,INE681C01015
KGL,BE,1.75,1.75,1.65,1.75,1.75,1.7,1257162,2189009.4,08-MAR-2019,241,INE299C01024
KHADIM,EQ,444,469.9,442.05,462.3,466.9,437.9,40658,18616267.5,08-MAR-2019,2611,INE834I01025
KHAITANELE,BE,8.95,8.95,8.95,8.95,8.95,8.95,21,187.95,08-MAR-2019,2,INE761A01019
KHAITANLTD,BE,41.6,43.45,39.65,42.7,42.95,41.6,2664,113148.05,08-MAR-2019,36,INE731C01018
KHANDSE,BE,17.7,17.7,17,17,17,17.15,102,1735.4,08-MAR-2019,2,INE060B01014
KICL,EQ,1614.95,1621.05,1575.05,1602.85,1606.1,1623.95,1022,1638513.5,08-MAR-2019,221,INE029L01018
KILITCH,EQ,201.8,205.6,193.35,202.55,202.1,201.8,89592,17879148.25,08-MAR-2019,2094,INE729D01010
KINGFA,EQ,692.45,706.95,663.6,684.95,685.1,690.8,2012,1388258.6,08-MAR-2019,147,INE473D01015
KIOCL,EQ,143,148,141.05,143.95,144.7,143.1,14004,2026991.35,08-MAR-2019,544,INE880L01014
KIRIINDUS,EQ,449.65,467.9,446.25,449.6,448.25,450.8,76571,34945161.05,08-MAR-2019,2870,INE415I01015
KIRLOSBROS,EQ,173.05,173.05,165,166.5,165,174.3,67285,11249217.65,08-MAR-2019,1063,INE732A01036
KIRLOSENG,EQ,189.4,192,186.4,186.7,186.8,186.1,8882,1672821.75,08-MAR-2019,349,INE146L01010
KIRLOSIND,EQ,832.95,839.95,805.35,816.8,813,812.35,423,348560.55,08-MAR-2019,142,INE250A01039
KITEX,EQ,97.95,97.95,95,95.35,95.8,96.7,21929,2108111.65,08-MAR-2019,418,INE602G01020
KKCL,EQ,1250.05,1321.6,1250,1295.6,1305,1246.8,663,854295.1,08-MAR-2019,177,INE401H01017
KKVAPOW,SM,319.2,319.2,319.2,319.2,319.2,336,250,79800,08-MAR-2019,1,INE239T01016
KMSUGAR,EQ,9.7,10.25,9.45,9.9,10,9.65,285589,2844003.1,08-MAR-2019,771,INE157H01023
KNRCON,EQ,248.95,248.95,239.2,241.55,242.85,234.75,519647,126778734.3,08-MAR-2019,9799,INE634I01029
KOHINOOR,EQ,33.5,33.5,32.1,32.35,32.3,33.55,87624,2858741.85,08-MAR-2019,660,INE080B01012
KOKUYOCMLN,EQ,97.65,103.6,97.1,98.85,98.55,97.6,34961,3492980.35,08-MAR-2019,628,INE760A01029
KOLTEPATIL,EQ,245,249.95,244,244.9,244.35,246.5,25993,6417802.35,08-MAR-2019,828,INE094I01018
KOPRAN,EQ,42.5,43.05,41.5,42.55,43,42.45,75134,3168679.9,08-MAR-2019,632,INE082A01010
KOTAKBANK,EQ,1237,1243.5,1231.7,1238.9,1238,1237.2,1051433,1301637776.25,08-MAR-2019,54970,INE237A01028
KOTAKBKETF,EQ,284.02,285.16,282.65,283.87,282.96,284.28,818,232217.57,08-MAR-2019,97,INF174K01F59
KOTAKGOLD,EQ,285,285,281,284.4,285,281,10737,3041850.05,08-MAR-2019,268,INF373I01049
KOTAKNIFTY,EQ,112.9,113.17,112.53,113.1,113.17,113.22,39266,4432692.65,08-MAR-2019,208,INF174K014P6
KOTAKNV20,EQ,56.05,57.9,56.05,56.99,57,56.9,8670,493247.78,08-MAR-2019,99,INF174K01Z71
KOTAKPSUBK,EQ,294,295,290.01,293.95,294,293.04,1134,332464.31,08-MAR-2019,71,INF373I01023
KOTARISUG,EQ,10.2,11,10.2,10.35,10.45,10,23091,239908.55,08-MAR-2019,93,INE419A01022
KOTHARIPET,EQ,19.5,19.75,19.1,19.3,19.5,19.2,7153,138783.5,08-MAR-2019,103,INE720A01015
KOTHARIPRO,EQ,90.35,94.95,87.9,90,89.05,93.15,3845,348046.75,08-MAR-2019,428,INE823A01017
KPRMILL,EQ,588.4,588.4,579,584.35,580.3,588.4,12415,7239700.4,08-MAR-2019,1924,INE930H01023
KRBL,EQ,365.4,377.95,362.55,365.9,363,369.45,110883,41068984.25,08-MAR-2019,3638,INE001B01026
KREBSBIO,EQ,88.35,94.45,88.3,93.45,94.45,92,3416,317469.55,08-MAR-2019,45,INE268B01013
KRIDHANINF,EQ,43.15,43.65,42.1,42.35,42.85,43.8,57970,2473555.65,08-MAR-2019,600,INE524L01026
KSB,EQ,677.05,701.7,669.65,690.7,685,677.05,5782,3975339.15,08-MAR-2019,547,INE999A01015
KSCL,EQ,416.5,425,416.5,422.55,421,420.95,646263,272242296.1,08-MAR-2019,9404,INE455I01029
KSERASERA,BE,0.2,0.2,0.15,0.15,0.15,0.15,1002165,170003.35,08-MAR-2019,111,INE216D01026
KSK,EQ,1,1,1,1,1,1.05,584184,584184,08-MAR-2019,351,INE143H01015
KSL,EQ,210,211.2,207,208.75,208.8,211.55,25582,5350484.4,08-MAR-2019,1832,INE907A01026
KTIL,EQ,62.05,62.05,58,58.3,58.3,60.7,7157,427217.25,08-MAR-2019,50,INE096L01025
KTKBANK,EQ,120.2,120.85,118,118.3,118.1,120.4,973458,115830895.75,08-MAR-2019,5400,INE614B01018
KWALITY,EQ,7.3,7.45,7.25,7.45,7.45,7.1,2376176,17626698.15,08-MAR-2019,2103,INE775B01025
L&TFH,EQ,140.1,143.4,139.75,141.85,141.7,140.75,11139172,1582414912.1,08-MAR-2019,71292,INE498L01015
L&TFINANCE,N4,1050,1051.55,1050,1050.05,1050,1049.5,763,801235.5,08-MAR-2019,24,INE523E07459
L&TINFRA,N1,982,987.1,982,987.1,987.1,995,70,68995,08-MAR-2019,3,INE691I07166
L&TINFRA,N2,1781.1,1786,1781.1,1786,1786,1785.05,30,53531,08-MAR-2019,2,INE691I07174
L&TINFRA,N3,980,980,980,980,980,980.02,20,19600,08-MAR-2019,1,INE691I07182
L&TINFRA,N4,1740.1,1750,1740.1,1747.1,1747.1,1750,2665,4638590.2,08-MAR-2019,12,INE691I07190
L&TINFRA,N5,990,990,965.01,974.54,970.1,965,1244,1210161.67,08-MAR-2019,31,INE691I07224
L&TINFRA,N6,1828.1,1830.5,1828,1830.5,1830.5,1841.73,182,332979,08-MAR-2019,20,INE691I07232
LAKSHVILAS,EQ,69.9,73.7,67.5,72,72.5,72.85,2727591,193834773.7,08-MAR-2019,10847,INE694C01018
LALPATHLAB,EQ,1011.7,1024.95,1000.95,1018.2,1019,1011.7,44975,45776815.55,08-MAR-2019,9135,INE600L01024
LAMBODHARA,EQ,40.25,41.4,40.25,41.4,41.4,41.55,2352,96816.8,08-MAR-2019,25,INE112F01022
LAOPALA,EQ,211,212.1,207.05,208.35,207.25,211.35,40761,8520481.55,08-MAR-2019,1968,INE059D01020
LASA,BE,25.95,26,25.2,25.55,25.7,24.8,30859,792076.85,08-MAR-2019,142,INE670X01014
LAURUSLABS,EQ,344,357.9,344,350.15,350.95,351.1,1507950,527931508.25,08-MAR-2019,1733,INE947Q01010
LAXMIMACH,EQ,6298,6450,6235,6266.7,6300,6277.55,5273,33470757.2,08-MAR-2019,1576,INE269B01029
LEEL,EQ,23.85,23.85,22.95,23.85,23.85,22.75,600075,14264853.55,08-MAR-2019,1066,INE245C01019
LEMONTREE,EQ,80.1,88.4,80.1,85.8,85.65,80.25,2567128,219370757.1,08-MAR-2019,16633,INE970X01018
LEXUS,SM,25.1,25.1,25.1,25.1,25.1,23.95,4000,100400,08-MAR-2019,4,INE500X01013
LFIC,BE,74.25,74.25,74.25,74.25,74.25,73.9,171,12696.75,08-MAR-2019,2,INE850E01012
LGBBROSLTD,EQ,432.45,438.65,421,423.2,424.5,429.1,9791,4200685.65,08-MAR-2019,479,INE337A01034
LIBAS,SM,55.8,55.8,55.8,55.8,55.8,58.7,3000,167400,08-MAR-2019,1,INE908V01012
LIBERTSHOE,EQ,147,151,145.8,146.85,147.75,145.25,185143,27441884.1,08-MAR-2019,3343,INE557B01019
LICHSGFIN,EQ,487.5,495,484.5,493.65,494,488.05,1175197,575862898.9,08-MAR-2019,35311,INE115A01026
LICNETFGSC,EQ,17.5,17.99,17.5,17.98,17.98,17.85,122,2144.75,08-MAR-2019,7,INF767K01MV5
LICNETFN50,EQ,112,114.79,109.25,114.79,114.79,114.8,134,14866.66,08-MAR-2019,6,INF767K01OS7
LICNETFSEN,EQ,395,395,395,395,395,371.01,1,395,08-MAR-2019,1,INF767K01OT5
LINCOLN,EQ,191.45,195.35,188,189.55,189.25,190.1,36302,6963398.55,08-MAR-2019,1094,INE405C01035
LINCPEN,EQ,202.05,207.8,198,199.75,198.1,204.5,9016,1810616.6,08-MAR-2019,201,INE802B01019
LINDEINDIA,EQ,554,564,541.4,549.9,546.1,554.9,71412,39546385.6,08-MAR-2019,2169,INE473A01011
LIQUIDBEES,EQ,999.99,1000.01,999.99,999.99,1000.01,1000,619125,619124589.56,08-MAR-2019,3444,INF732E01037
LIQUIDETF,EQ,1000.01,1000.01,999.99,1000,999.99,1000,43648,43648272.24,08-MAR-2019,167,INF740KA1EU7
LOKESHMACH,EQ,47.5,47.9,46.3,47.2,47.7,48.1,4298,202675.65,08-MAR-2019,162,INE397H01017
LOTUSEYE,EQ,23.85,24.5,23.85,24.1,24.5,24.15,2564,61655.35,08-MAR-2019,28,INE947I01017
LOVABLE,EQ,108,109.25,105.15,105.65,105.7,108.55,24513,2617919.95,08-MAR-2019,659,INE597L01014
LPDC,EQ,4.2,4.2,3.95,4,4,4,12865,51547.2,08-MAR-2019,22,INE197J01017
LSIL,EQ,1.05,1.15,1.05,1.1,1.1,1.1,180547,194455.15,08-MAR-2019,164,INE093R01011
LT,EQ,1350,1363,1337,1339.4,1338,1352.4,4868283,6562583876.1,08-MAR-2019,183984,INE018A01030
LTI,EQ,1641,1660.1,1600,1648.4,1654,1640.4,151972,247767326.65,08-MAR-2019,12362,INE214T01019
LTTS,EQ,1527,1554.45,1520,1543.15,1545,1530.45,64466,99413006.9,08-MAR-2019,8798,INE010V01017
LUMAXIND,EQ,1769.95,1783.6,1720,1732.6,1725,1763.2,3524,6184540.2,08-MAR-2019,585,INE162B01018
LUMAXTECH,EQ,155.3,160,153.85,156.65,155.25,156,20597,3236236.9,08-MAR-2019,1486,INE872H01027
LUPIN,EQ,797.9,799.8,775.35,779.15,776,792,1971916,1558862521.65,08-MAR-2019,42651,INE326A01037
LUXIND,EQ,1263.9,1279.75,1225,1268.1,1268,1264.9,44402,55430522.45,08-MAR-2019,2093,INE150G01020
LYKALABS,EQ,25.5,25.5,24.35,25,25,25,9665,240678.85,08-MAR-2019,146,INE933A01014
LYPSAGEMS,EQ,7.25,7.25,7.25,7.25,7.25,6.95,8287,60080.75,08-MAR-2019,44,INE142K01011
M&M,EQ,672,679.7,666.4,670.15,669.3,671.8,3877059,2614047947.1,08-MAR-2019,89655,INE101A01026
M&MFIN,EQ,435,440.6,429.25,435.95,435.1,437.7,1103910,478178350.05,08-MAR-2019,16367,INE774D01024
M&MFIN,N2,1040.01,1040.01,1040,1040,1040,1045,40,41600.25,08-MAR-2019,2,INE774D08MA6
M100,EQ,18.1,18.45,17.8,18.07,18.19,18.29,81997,1484025.16,08-MAR-2019,115,INF247L01023
M15RG,MF,7.54,7.54,7.54,7.54,7.54,7,600,4524,08-MAR-2019,1,INF903JA1AL0
M50,EQ,108,108.7,106.33,107.99,107.94,107,605,65541.8,08-MAR-2019,23,INF247L01536
MAANALU,EQ,99,99.7,93.05,95.1,95.7,97.95,5337,509437.7,08-MAR-2019,588,INE215I01019
MACPOWER,SM,149.1,150.5,144,145,145,144.8,90000,13225450,08-MAR-2019,18,INE155Z01011
MADHAV,EQ,47.45,47.45,45.35,46.25,45.5,47.45,6181,285385.5,08-MAR-2019,80,INE925C01016
MADHUCON,BE,5.7,5.75,5.45,5.7,5.7,5.7,11646,65331.05,08-MAR-2019,29,INE378D01032
MADRASFERT,EQ,22.35,22.5,21.8,21.85,21.8,21.85,84086,1859178.55,08-MAR-2019,396,INE414A01015
MAGADSUGAR,EQ,130.9,132,125.85,127.8,127.55,128.25,8144,1048552.75,08-MAR-2019,151,INE347W01011
MAGMA,EQ,114.1,116.7,113.25,114.25,113.55,115.45,384258,43906790.5,08-MAR-2019,2564,INE511C01022
MAGNUM,EQ,6.3,6.3,5.65,5.8,5.9,6.25,56949,329389.45,08-MAR-2019,71,INE387I01016
MAHABANK,EQ,13.25,13.3,12.3,13.05,13.05,13.3,524512,6845403.85,08-MAR-2019,933,INE457A01014
MAHAPEXLTD,BE,108.5,108.5,108.4,108.45,108.45,106,105,11385.25,08-MAR-2019,3,INE843B01013
MAHASTEEL,EQ,169.7,180.8,167.5,179.55,180.65,165.5,275425,48489849.35,08-MAR-2019,2558,INE451L01014
MAHESHWARI,SM,183,183,182.9,182.9,182.9,182,25000,4573100,08-MAR-2019,3,INE263W01010
MAHINDCIE,EQ,239.05,241,237.15,238.4,238.1,239,28012,6693758.35,08-MAR-2019,2037,INE536H01010
MAHLIFE,EQ,374.1,375.35,373,373.6,373.1,373.55,13768,5149798.65,08-MAR-2019,310,INE813A01018
MAHLOG,EQ,490,499.85,490,495.7,498,490.05,69026,34245695.05,08-MAR-2019,4120,INE766P01016
MAHSCOOTER,EQ,3265.6,3293,3250,3278.35,3280,3278.35,2205,7216055.9,08-MAR-2019,216,INE288A01013
MAHSEAMLES,EQ,470.2,471.3,459,462.75,463.95,471.45,12420,5779432.15,08-MAR-2019,736,INE271B01025
MAITHANALL,EQ,503,504.25,491,493.35,495.95,498.3,21159,10541246.6,08-MAR-2019,941,INE683C01011
MAJESCO,EQ,480.95,484.75,480.95,481.95,481.9,483.6,6847,3300604.3,08-MAR-2019,2124,INE898S01029
MALUPAPER,EQ,29.4,29.4,27.95,27.95,27.95,29.4,6619,185256.7,08-MAR-2019,49,INE383H01017
MAN50ETF,EQ,110.15,110.5,110.15,110.5,110.5,110.9,41,4521.75,08-MAR-2019,2,INF769K01EG9
MANAKALUCO,EQ,7.75,7.75,7.1,7.25,7.25,7.3,10180,73923.6,08-MAR-2019,45,INE859Q01017
MANAKCOAT,EQ,6.1,6.5,6.1,6.3,6.35,6.3,3026,19278.65,08-MAR-2019,19,INE830Q01018
MANAKSIA,EQ,37.3,38.8,36.1,37.6,37.25,36.8,400692,14697500.65,08-MAR-2019,1496,INE015D01022
MANAKSTEEL,EQ,19.7,19.7,18.55,18.7,19,18.9,6144,115673.4,08-MAR-2019,54,INE824Q01011
MANALIPETC,EQ,25.85,26.3,25.8,26.05,26.1,25.85,241172,6296023.1,08-MAR-2019,1158,INE201A01024
MANAPPURAM,EQ,118.7,121.2,117.55,118.3,117.65,118.8,4165876,497190711.45,08-MAR-2019,15615,INE522D01027
MANAV,SM,5,5,5,5,5,5,4000,20000,08-MAR-2019,1,INE104Y01012
MANGALAM,EQ,56.6,62.05,56.6,62.05,62.05,56.45,86120,5234960.5,08-MAR-2019,991,INE584F01014
MANGCHEFER,EQ,36.95,36.95,35.55,35.8,35.55,36.9,45465,1637801,08-MAR-2019,193,INE558B01017
MANGLMCEM,EQ,253.5,253.5,244.55,245.45,246,251.7,11623,2874795.3,08-MAR-2019,348,INE347A01017
MANGTIMBER,EQ,19.4,19.4,18.3,18.5,18.5,18.6,15328,285667.9,08-MAR-2019,94,INE805B01012
MANINDS,EQ,66.9,66.9,65.3,66.5,66.35,67,42582,2828561.05,08-MAR-2019,489,INE993A01026
MANINFRA,EQ,35,35.6,34.45,35.1,35.05,35.1,95494,3353614.65,08-MAR-2019,411,INE949H01023
MANPASAND,EQ,98.7,104,96.1,100.1,99.95,98.95,1448207,146712347.05,08-MAR-2019,11704,INE122R01018
MANUGRAPH,EQ,28.65,30,28.05,29.35,29.5,29.4,3496,103114.8,08-MAR-2019,96,INE867A01022
MARALOVER,EQ,28,28.8,27.7,28.05,28.45,28.25,7267,204019.75,08-MAR-2019,42,INE882A01013
MARATHON,EQ,120.7,123.95,113.05,117.95,117,118.05,6344,750538.75,08-MAR-2019,205,INE182D01020
MARICO,EQ,337,337.05,332.15,334.55,334.4,337.8,1399038,466871871.65,08-MAR-2019,20837,INE196A01026
MARINE,SM,107,107,107,107,107,107,2000,214000,08-MAR-2019,1,INE01JE01010
MARKSANS,EQ,26.05,27.25,25.65,26.2,26.05,26.2,1321749,34939281.45,08-MAR-2019,3997,INE750C01026
MARSHALL,SM,26.25,28,26.25,28,28,28,18000,493500,08-MAR-2019,5,INE00SZ01018
MARUTI,EQ,6975,7025,6951,6967.7,6960,7029.05,486432,3399088644.55,08-MAR-2019,53304,INE585B01010
MASFIN,EQ,555.05,560.1,550.05,557.95,559,557.45,35695,19918233.55,08-MAR-2019,3032,INE348L01012
MASKINVEST,BE,33,33,31.6,31.6,31.6,33.25,471,15042.6,08-MAR-2019,15,INE885F01015
MASTEK,EQ,424.95,425,411.3,419.95,417.1,425.2,46656,19519567.95,08-MAR-2019,4134,INE759A01021
MATRIMONY,EQ,431.4,448.8,425,446.2,444,425.05,6402,2783556.4,08-MAR-2019,477,INE866R01028
MAWANASUG,EQ,49.15,50.75,48,48.65,48.4,49.15,91262,4484467.5,08-MAR-2019,709,INE636A01039
MAXINDIA,EQ,66,66,62.9,63.2,63.2,65.55,1400182,89096025.45,08-MAR-2019,2506,INE153U01017
MAXVIL,EQ,47.5,48.5,46.55,47,47,47.1,156536,7422950,08-MAR-2019,354,INE154U01015
MAYURUNIQ,EQ,357,367.45,355.95,359.35,359,356.95,7729,2783763,08-MAR-2019,513,INE040D01038
MAZDA,EQ,399.4,414.8,399.35,409.9,408,399.4,41955,17122995.15,08-MAR-2019,1710,INE885E01034
MBECL,BE,8.5,8.5,8.15,8.5,8.5,8.5,32352,269213.8,08-MAR-2019,39,INE748A01016
MBLINFRA,EQ,13.2,14.1,13.2,13.65,13.75,13.5,45159,615596.3,08-MAR-2019,150,INE912H01013
MCDHOLDING,EQ,24,24.5,23.65,24.35,24,24.5,3684,89142.45,08-MAR-2019,50,INE836H01014
MCDOWELL-N,EQ,564.9,568.4,555.85,558.45,558.15,560.25,1189052,667257219.95,08-MAR-2019,29389,INE854D01024
MCL,SM,324,324,324,324,324,311,1200,388800,08-MAR-2019,1,INE813V01014
MCLEODRUSS,EQ,94,95.65,92.25,92.7,92.5,93.5,77891,7303794.65,08-MAR-2019,1450,INE942G01012
MCX,EQ,727.5,745,716.3,727.7,727.2,734.7,591420,432642454.2,08-MAR-2019,15770,INE745G01035
MEGASOFT,BE,7.25,7.5,7,7.2,7.2,7.25,10731,77378.65,08-MAR-2019,84,INE933B01012
MEGH,EQ,63,63.45,61.2,61.55,61.45,62.3,627467,39200583.15,08-MAR-2019,9826,INE974H01013
MENONBE,EQ,85.7,85.7,80.7,81.2,80.75,84.05,21560,1773584.95,08-MAR-2019,522,INE071D01033
MEP,EQ,42.7,42.75,41,41.65,41.7,42.25,335506,13962646.7,08-MAR-2019,2609,INE776I01010
MERCATOR,EQ,7.95,7.95,7.65,7.75,7.75,7.8,174696,1354291.6,08-MAR-2019,567,INE934B01028
MERCK,EQ,3474,3527.95,3380.1,3406.75,3420,3455.25,27357,94539493.3,08-MAR-2019,4192,INE199A01012
METALFORGE,BE,10.55,10.95,10.05,10.5,10.5,10.55,12840,135551.15,08-MAR-2019,85,INE425A01011
METKORE,BE,1,1.05,1,1,1,1.05,17959,17960.45,08-MAR-2019,14,INE592I01029
MFSL,EQ,409.7,425.9,405.65,421.6,421,409.7,934674,391136848.6,08-MAR-2019,21876,INE180A01020
MGL,EQ,881.9,888.95,872,878.45,877.5,879.05,302967,266715333.2,08-MAR-2019,15487,INE002S01010
MHHL,SM,19.2,19.2,19.2,19.2,19.2,20.2,39000,748800,08-MAR-2019,9,INE450S01011
MHRIL,EQ,219.95,226.95,218,224.45,223.1,220.25,74337,16594347.35,08-MAR-2019,1982,INE998I01010
MIC,EQ,1.35,1.35,1.35,1.35,1.35,1.3,307044,414509.4,08-MAR-2019,187,INE287C01029
MIDHANI,EQ,129,129,126.15,126.3,126.3,129.85,72170,9175250.15,08-MAR-2019,1413,INE099Z01011
MILTON,SM,13,14.25,13,14.25,14.25,14.4,12000,161000,08-MAR-2019,3,INE376Y01016
MINDACORP,EQ,145.9,146.9,142.7,145.1,145.5,145.4,63554,9194110.95,08-MAR-2019,1821,INE842C01021
MINDAIND,EQ,341,349.9,338.45,340.65,341.35,341.3,181009,62308517.15,08-MAR-2019,4347,INE405E01023
MINDTECK,EQ,38.85,43.95,38.5,41.15,41.35,40.75,8496,341833.2,08-MAR-2019,88,INE110B01017
MINDTREE,EQ,920,931.65,916.5,921.7,919.5,920.2,685000,632669835.75,08-MAR-2019,20607,INE018I01017
MIRCELECTR,EQ,23.35,23.35,22.65,22.75,22.8,23.25,94894,2172771.6,08-MAR-2019,452,INE831A01028
MIRZAINT,EQ,57.55,59,56.5,56.7,56.75,57.85,340561,19565153.2,08-MAR-2019,5021,INE771A01026
MITTAL,SM,107.9,107.9,107.9,107.9,107.9,105,3000,323700,08-MAR-2019,2,INE997Y01019
MMFL,EQ,572.8,576,559.45,565.15,560.2,572.85,4139,2343612.15,08-MAR-2019,479,INE227C01017
MMTC,EQ,28.05,28.7,27.8,28.2,28.15,28.15,996352,28138781.35,08-MAR-2019,2770,INE123F01029
MODIRUBBER,BE,42.1,46.2,42.1,46,46,44,1125,49707,08-MAR-2019,9,INE832A01018
MOHITIND,EQ,8.8,9.5,8.8,9.15,9,9.05,2916,26615.8,08-MAR-2019,25,INE954E01012
MOHOTAIND,EQ,41.05,42.7,40.85,41.5,41.3,41.2,10078,414440.35,08-MAR-2019,111,INE313D01013
MOIL,EQ,163,163.15,158.2,158.55,158.3,163.6,231360,36871442.75,08-MAR-2019,8195,INE490G01020
MOKSH,SM,24.9,24.9,24.9,24.9,24.9,23.45,3000,74700,08-MAR-2019,1,INE514Y01012
MOLDTECH,EQ,45.25,45.45,43.2,43.95,44.4,44.15,43897,1946376.3,08-MAR-2019,226,INE835B01035
MOLDTKPAC,EQ,280,280.3,270.35,275.35,274.2,277.85,18248,5041880.35,08-MAR-2019,744,INE893J01029
MONSANTO,EQ,2613.05,2666,2593,2649.35,2660.85,2615.9,4739,12484859.4,08-MAR-2019,1418,INE274B01011
MONTECARLO,EQ,357.85,360.9,356.1,358,358.2,357.85,6701,2403961.35,08-MAR-2019,408,INE950M01013
MORARJEE,EQ,24.75,24.75,23.7,23.95,23.95,24.75,5322,129317.65,08-MAR-2019,49,INE161G01027
MOREPENLAB,EQ,18.5,19,18.4,18.55,18.45,18.75,298077,5570825,08-MAR-2019,774,INE083A01026
MOTHERSUMI,EQ,165.25,165.25,160.4,163.25,163.4,165.4,5115010,830429428.85,08-MAR-2019,75678,INE775A01035
MOTILALOFS,EQ,610.7,610.7,589.3,602.55,601.4,601.7,70606,42320187.5,08-MAR-2019,5032,INE338I01027
MOTOGENFIN,EQ,52.55,53.7,45.5,51.55,51.5,49.15,4907,250137.6,08-MAR-2019,62,INE861B01015
MPHASIS,EQ,995,999,976.5,980.75,980.75,996.6,440620,432872045.65,08-MAR-2019,18106,INE356A01018
MPSLTD,EQ,493.05,496.9,483.4,486.7,483.4,494.15,1271,619992.8,08-MAR-2019,112,INE943D01017
MRF,EQ,58000,58000,56830,57026.6,57000,57839.75,6779,388553214.95,08-MAR-2019,4115,INE883A01011
MRO-TEK,EQ,41.5,41.8,40.25,41.7,41.7,41.5,234,9746.9,08-MAR-2019,10,INE398B01018
MRPL,EQ,70.5,70.7,68,68.55,68.8,70.8,666414,46009675.55,08-MAR-2019,6456,INE103A01014
MSPL,EQ,15.2,15.2,14.15,14.45,14.3,14.8,10203,148461.55,08-MAR-2019,71,INE752G01015
MTEDUCARE,EQ,64.65,64.75,63.25,64.4,64.65,63.9,27717,1785243.3,08-MAR-2019,873,INE472M01018
MTNL,EQ,13.9,13.95,13.75,13.8,13.8,13.95,287620,3975232.2,08-MAR-2019,808,INE153A01019
MUKANDENGG,EQ,19.7,19.7,17.65,18.3,18,19.7,11912,218901.8,08-MAR-2019,109,INE022B01014
MUKANDLTD,EQ,55,56.75,55,56.2,56.35,55.1,22195,1231436.8,08-MAR-2019,328,INE304A01026
MUKANDLTD,P1,6.75,6.75,6.15,6.5,6.5,6.75,72,466.3,08-MAR-2019,3,INE304A04012
MUKTAARTS,EQ,39.3,40.5,38.2,39.5,39.25,39.15,14768,581575.95,08-MAR-2019,236,INE374B01019
MUNJALAU,EQ,56.6,56.6,55.05,55.35,55.25,56.15,74523,4151364.3,08-MAR-2019,509,INE672B01032
MUNJALSHOW,EQ,177.05,178.7,175.1,175.7,175.2,177,7075,1249071.7,08-MAR-2019,159,INE577A01027
MURUDCERA,EQ,23.95,24.25,23.3,23.4,23.3,24.1,39982,945547.05,08-MAR-2019,278,INE692B01014
MUTHOOTCAP,EQ,884.45,913.85,871.25,896.55,895.1,884.45,21446,19289967.75,08-MAR-2019,1730,INE296G01013
MUTHOOTFIN,EQ,574.9,586.5,568.05,570.9,572.5,572.8,1469812,848886356.9,08-MAR-2019,25950,INE414G01012
MVL,EQ,0.25,0.25,0.2,0.25,0.2,0.25,308286,76018.95,08-MAR-2019,83,INE744I01034
N100,EQ,490,499,485,486.19,485,493.87,16987,8254113,08-MAR-2019,335,INF247L01031
NABARD,N2,1108,1114.4,1108,1114.4,1114.4,1105.36,2975,3311703.8,08-MAR-2019,57,INE261F07032
NACLIND,EQ,30.7,30.75,30,30.45,30.5,30.5,32459,987927.45,08-MAR-2019,101,INE295D01020
NAGAFERT,EQ,6.85,7,6.7,6.75,6.75,7,156533,1060161.35,08-MAR-2019,312,INE454M01024
NAGAROIL,EQ,0.45,0.45,0.4,0.45,0.45,0.45,5092890,2191521.8,08-MAR-2019,395,INE453M01018
NAGREEKCAP,EQ,13.45,14,13.1,13.65,13.55,14.05,6490,87889.5,08-MAR-2019,27,INE245I01016
NAGREEKEXP,EQ,24.6,24.7,23.2,23.35,23.5,23,2821,66505.3,08-MAR-2019,28,INE123B01028
NAHARCAP,EQ,89.9,89.95,84.55,85.95,85.95,88.05,803,69090.65,08-MAR-2019,51,INE049I01012
NAHARINDUS,EQ,43.2,43.9,43,43.2,43.6,43.25,3803,163844.15,08-MAR-2019,34,INE289A01011
NAHARPOLY,EQ,39.25,39.25,37.65,38.05,38,39.65,3055,117095.6,08-MAR-2019,43,INE308A01027
NAHARSPING,EQ,90.95,91,88.85,89,89,89.65,6998,627931.95,08-MAR-2019,109,INE290A01027
NARMADA,SM,20.5,20.5,20.5,20.5,20.5,20.5,4000,82000,08-MAR-2019,1,INE117Z01011
NATCOPHARM,EQ,573,573.5,563,568.75,567.35,569,330186,187708258.45,08-MAR-2019,15103,INE987B01026
NATHBIOGEN,EQ,405.6,406.05,390.75,399.9,401,399.7,6586,2620394.4,08-MAR-2019,308,INE448G01010
NATIONALUM,EQ,57.55,58.1,55.85,56.8,57.1,57.1,25281020,1440135313.4,08-MAR-2019,40564,INE139A01034
NATNLSTEEL,BE,5.75,5.95,5.65,5.75,5.65,5.75,20279,117936.1,08-MAR-2019,65,INE088B01015
NAUKRI,EQ,1713.5,1799,1700,1781.9,1775,1706.8,265858,465441430.55,08-MAR-2019,14896,INE663F01024
NAVINFLUOR,EQ,651,651,635.05,643.85,643.1,637.5,9418,6071474.1,08-MAR-2019,1015,INE048G01026
NAVKARCORP,EQ,45,48,44.8,46.25,46.4,44.95,3764728,176131489,08-MAR-2019,14044,INE278M01019
NAVNETEDUL,EQ,109.25,109.3,108,108,108,108.2,21077,2285070.4,08-MAR-2019,496,INE060A01024
NBCC,EQ,58.5,58.7,56.45,57.05,57.1,58.95,9198745,527008670.55,08-MAR-2019,26634,INE095N01031
NBIFIN,EQ,1169,1170,1155,1156.95,1157.5,1168,155,179548,08-MAR-2019,19,INE365I01020
NBVENTURES,EQ,108.1,109.5,100.9,103.9,104,109.25,198371,20817406.15,08-MAR-2019,1471,INE725A01022
NCC,EQ,96.55,101.15,95.9,99.9,100,96.75,16120882,1600916877.75,08-MAR-2019,64743,INE868B01028
NCLIND,EQ,149.05,156.8,147.2,149.5,150,152.15,72069,10964120.35,08-MAR-2019,1738,INE732C01016
NDGL,EQ,827,835,800,816.8,835,822.7,148,119914.75,08-MAR-2019,19,INE756C01015
NDL,EQ,52.7,53.6,51.05,52.95,52.75,52.2,13587,715143.9,08-MAR-2019,209,INE875G01030
NDTV,EQ,36.8,36.8,36,36,36,36.45,8129,293638.05,08-MAR-2019,119,INE155G01029
NECCLTD,EQ,9.75,9.85,8.9,9.1,9,9.75,104813,972413.65,08-MAR-2019,345,INE553C01016
NECLIFE,EQ,19.6,19.95,19.1,19.3,19.45,19.35,123129,2416962.05,08-MAR-2019,936,INE023H01027
NELCAST,EQ,72.2,72.3,69.5,69.8,70.05,71.85,32788,2314226.6,08-MAR-2019,488,INE189I01024
NELCO,EQ,278,278,268.55,270.25,269.1,267.35,49921,13611907.3,08-MAR-2019,1266,INE045B01015
NESCO,EQ,450.15,452.05,442.8,450.3,446.5,446.85,9713,4359947.9,08-MAR-2019,592,INE317F01035
NESTLEIND,EQ,10219.95,10220,10035,10095.15,10091.45,10203.35,98498,994159067.05,08-MAR-2019,33292,INE239A01016
NETF,EQ,110.56,110.56,110.56,110.56,110.56,110.42,45,4975.2,08-MAR-2019,2,INF277K015R5
NETWORK18,EQ,34.7,34.7,33.5,33.8,33.8,34.4,169088,5747801.1,08-MAR-2019,813,INE870H01013
NEULANDLAB,EQ,730,740,716.1,723.85,722,731.55,16791,12296126.75,08-MAR-2019,1188,INE794A01010
NEWGEN,EQ,304.5,312,304.5,305.15,306,308.1,15599,4791949.5,08-MAR-2019,701,INE619B01017
NEXTMEDIA,BE,26.3,26.95,26.3,26.55,26.55,26.4,259893,6891456.4,08-MAR-2019,38,INE747B01016
NFL,EQ,35.7,36.1,35.4,35.75,35.6,35.65,252528,9056992.45,08-MAR-2019,1065,INE870D01012
NH,EQ,225.1,225.25,217,219.05,218.6,222.85,27332,6010388.5,08-MAR-2019,1184,INE410P01011
NHAI,N1,1085,1089,1085,1086.99,1087,1085.09,569,618214.75,08-MAR-2019,12,INE906B07CA1
NHAI,N2,1165,1166.8,1165,1166,1166,1165.4,751,875490.74,08-MAR-2019,11,INE906B07CB9
NHAI,N6,1185,1190,1184,1184.99,1184.99,1184.99,421,499081.89,08-MAR-2019,16,INE906B07DF8
NHAI,N8,1118,1120.01,1118,1120.01,1120.01,1119.07,235,262751.35,08-MAR-2019,4,INE906B07EH2
NHAI,NA,1170.9,1176,1170,1170.48,1170,1169.05,236,276455.3,08-MAR-2019,7,INE906B07EJ8
NHAI,NE,1145,1148.8,1141,1145.33,1146,1146.99,2246,2573770,08-MAR-2019,23,INE906B07EP5
NHBTF2014,N4,5700,5700,5700,5700,5700,5700,15,85500,08-MAR-2019,1,INE557F07116
NHBTF2014,N5,5828,5900,5828,5900,5900,5947.5,30,175920,08-MAR-2019,2,INE557F07124
NHBTF2014,N6,6409.9,6420,6407,6415,6420,6394.72,121,775409.9,08-MAR-2019,7,INE557F07132
NHBTF2023,N6,6220,6220,6220,6220,6220,6210.5,230,1430600,08-MAR-2019,1,INE557F07181
NHPC,EQ,25,25.45,24.85,25.15,25.05,24.8,18459635,463862513.4,08-MAR-2019,16288,INE848E01016
NHPC,N5,1250,1250,1250,1250,1250,1230,1112,1390000,08-MAR-2019,4,INE848E07559
NIACL,EQ,196.5,199.2,193.55,197.65,197,198.3,50866,9982250.95,08-MAR-2019,2006,INE470Y01017
NIBL,EQ,19.55,20.9,19.55,20.45,20.45,20.05,16052,327715.35,08-MAR-2019,64,INE047O01014
NIFTYBEES,EQ,1155,1159.86,1152.1,1158.16,1158.35,1157.51,54206,62740317.18,08-MAR-2019,798,INF732E01011
NIFTYEES,EQ,12850,12900,12682.56,12900,12900,13000,5,64032.56,08-MAR-2019,4,INF754K01EK3
NIITLTD,EQ,92.95,92.95,89.2,89.95,89.7,90.9,1388895,126301736.6,08-MAR-2019,12690,INE161A01038
NIITTECH,EQ,1326,1327.05,1308,1313.55,1312,1323.4,514052,676075561.9,08-MAR-2019,34144,INE591G01017
NILAINFRA,EQ,7.9,8.2,7.8,7.85,7.8,7.8,755751,6029989.8,08-MAR-2019,907,INE937C01029
NILASPACES,EQ,2.45,2.5,2.35,2.4,2.35,2.45,167911,402131.4,08-MAR-2019,187,INE00S901012
NILKAMAL,EQ,1379,1397,1367.3,1380.4,1375.15,1376.9,10416,14398969.25,08-MAR-2019,1002,INE310A01015
NIPPOBATRY,EQ,729.45,729.45,709.15,720.2,720,720.2,947,681028.85,08-MAR-2019,91,INE567A01010
NITCO,EQ,43.75,43.75,42.05,42.25,42.1,43.75,129883,5553338.8,08-MAR-2019,788,INE858F01012
NITESHEST,EQ,5.7,5.9,5.65,5.7,5.7,5.8,91882,525486.8,08-MAR-2019,112,INE639K01016
NITINFIRE,EQ,1.65,1.65,1.65,1.65,1.65,1.6,10744,17727.6,08-MAR-2019,21,INE489H01020
NITINSPIN,EQ,85.85,85.85,82.45,82.95,84,84.45,26742,2222535.65,08-MAR-2019,429,INE229H01012
NITIRAJ,SM,47.3,47.3,47.3,47.3,47.3,47,1200,56760,08-MAR-2019,1,INE439T01012
NKIND,EQ,38.5,45,38.5,41.5,41.25,38.7,4156,170277.7,08-MAR-2019,57,INE542C01019
NLCINDIA,EQ,68.85,69,67.5,67.7,67.75,68.5,376753,25672847.6,08-MAR-2019,6318,INE589A01014
NMDC,EQ,107.6,111,107,110.05,109.35,108.95,8868561,969469689.2,08-MAR-2019,23584,INE584A01023
NOCIL,EQ,139,139.5,136.1,136.5,136.3,139.75,429895,59034327.6,08-MAR-2019,5166,INE163A01018
NOIDATOLL,EQ,6.3,6.3,5.9,5.95,5.9,6,40142,243139.95,08-MAR-2019,130,INE781B01015
NRAIL,EQ,331,336.4,325,328.55,330,334.55,34058,11181705.25,08-MAR-2019,338,INE740D01017
NRBBEARING,EQ,197.7,201.8,197.7,200.6,200,199.7,55977,11191192.7,08-MAR-2019,1372,INE349A01021
NSIL,EQ,980.5,1003.05,980.5,999.9,999.9,1010.9,138,137578.6,08-MAR-2019,35,INE023A01030
NTL,BE,1.1,1.15,1.1,1.15,1.15,1.1,430,473.25,08-MAR-2019,3,INE333I01036
NTPC,EQ,147.5,154.8,145.35,152.2,152,146.2,28885977,4356944537.45,08-MAR-2019,133994,INE733E01010
NTPC,N6,1269.98,1269.98,1260,1265.01,1266,1260.8,2095,2646809.37,08-MAR-2019,28,INE733E07JJ9
NTPC,N7,13.05,13.05,12.49,12.55,12.55,13.54,121277,1524657.22,08-MAR-2019,163,INE733E07JP6
NTPC,ND,1150,1150.01,1150,1150.01,1150.01,1149.9,461,530150.61,08-MAR-2019,9,INE733E07JW2
NUCLEUS,EQ,358.4,358.4,343.5,351.5,355,355.6,9109,3181005.2,08-MAR-2019,620,INE096B01018
NUTEK,EQ,0.3,0.3,0.3,0.3,0.3,0.3,31544,9463.2,08-MAR-2019,8,INE318J01027
OBEROIRLTY,EQ,477.4,486.45,470.3,480.6,478,477,471370,225380499.9,08-MAR-2019,16671,INE093I01010
OCCL,EQ,1139.85,1140.05,1135,1140,1140,1138.1,11527,13134348.65,08-MAR-2019,187,INE321D01016
OFSS,EQ,3451,3472.25,3419.95,3450.75,3450,3451.55,20225,69749298.15,08-MAR-2019,3025,INE881D01027
OIL,EQ,176.1,177,171.6,173.7,173.35,177.15,3342461,579012574.6,08-MAR-2019,19085,INE274J01014
OILCOUNTUB,EQ,14.95,14.95,14.25,14.5,14.4,14.7,18024,261657.85,08-MAR-2019,131,INE591A01010
OISL,BZ,2.45,2.45,2.3,2.45,2.45,2.35,15299,37192.55,08-MAR-2019,16,INE196J01019
OLECTRA,EQ,248.3,253,245.55,247.2,246.55,247.35,41684,10369662.5,08-MAR-2019,1185,INE260D01016
OMAXAUTO,EQ,90.9,91.15,87.9,88.75,88.75,90.5,6099,542733.05,08-MAR-2019,228,INE090B01011
OMAXE,EQ,205.35,206.85,203.85,205.65,205.95,205.15,177747,36367373,08-MAR-2019,2714,INE800H01010
OMFURN,SM,14,14,14,14,14,13.6,24000,336000,08-MAR-2019,3,INE338Y01016
OMKARCHEM,BE,19.15,19.15,18.75,19.15,19.15,18.25,29963,572004.85,08-MAR-2019,102,INE474L01016
OMMETALS,EQ,33.8,33.9,33.1,33.7,33.8,33.7,13877,464007.95,08-MAR-2019,103,INE239D01028
ONELIFECAP,BE,12.1,12.1,12.1,12.1,12.1,11.6,3560,43076,08-MAR-2019,8,INE912L01015
ONEPOINT,SM,46.8,48.2,46.55,47.2,47.9,46.8,32000,1517000,08-MAR-2019,16,INE840Y01011
ONGC,EQ,152.1,152.6,147,150.4,151,152.05,17986042,2693450727.6,08-MAR-2019,81856,INE213A01029
ONMOBILE,EQ,33.35,34.5,33.1,33.3,33.2,33.25,114172,3834936.45,08-MAR-2019,641,INE809I01019
ONWARDTEC,EQ,61.95,62.75,59.6,60.85,59.7,61,2753,167619.55,08-MAR-2019,73,INE229A01017
OPTIEMUS,EQ,104.05,105.45,100.9,101.2,101,102.8,8439,869738.1,08-MAR-2019,176,INE350C01017
OPTOCIRCUI,EQ,8.4,8.6,8.4,8.5,8.5,8.45,323445,2743171.95,08-MAR-2019,447,INE808B01016
ORBTEXP,EQ,106,107.1,100,100.05,100.1,104.45,1982,201236.6,08-MAR-2019,111,INE231G01010
ORCHIDPHAR,BZ,5,5,5,5,5,4.8,9761,48805,08-MAR-2019,32,INE191A01019
ORICONENT,EQ,32.2,33.75,31.7,33,33.2,31.65,452247,15052065.35,08-MAR-2019,919,INE730A01022
ORIENTABRA,EQ,26.65,26.7,25.25,25.65,25.75,26.5,11377,292516.85,08-MAR-2019,141,INE569C01020
ORIENTALTL,EQ,14.15,14.55,13.55,14.1,14.1,14.15,14265,202425.7,08-MAR-2019,91,INE998H01012
ORIENTBANK,EQ,96,96.75,93.55,94.5,94.55,96.25,3688469,350964770.85,08-MAR-2019,13031,INE141A01014
ORIENTBELL,EQ,171,171.95,168.3,169.15,169,171.55,2444,414393.8,08-MAR-2019,143,INE607D01018
ORIENTCEM,EQ,81.95,82.2,79.1,79.8,79.6,81.35,43111,3468534.15,08-MAR-2019,727,INE876N01018
ORIENTELEC,EQ,146.1,149.8,144.05,145.55,145.05,146.1,70923,10367264.9,08-MAR-2019,1397,INE142Z01019
ORIENTHOT,EQ,41.45,43.55,41.2,42.8,42.7,41.5,79198,3373357.05,08-MAR-2019,947,INE750A01020
ORIENTLTD,EQ,151.25,154.8,148.05,149.1,151.7,148.45,1395,213051.6,08-MAR-2019,44,INE609C01024
ORIENTPPR,EQ,36.2,36.8,35.6,35.95,35.8,36.7,433811,15647630.1,08-MAR-2019,1608,INE592A01026
ORIENTREF,EQ,224,247,219.85,235.5,236,225.2,268860,63059297.65,08-MAR-2019,6187,INE743M01012
ORISSAMINE,EQ,948.45,965,906.3,915.8,912.8,946.75,21764,20360235.2,08-MAR-2019,2299,INE725E01024
ORTEL,BE,4.6,4.8,4.6,4.75,4.75,4.6,8276,39067.95,08-MAR-2019,38,INE849L01019
ORTINLABSS,EQ,15,15,14.15,14.15,14.5,14.35,6977,100489.25,08-MAR-2019,79,INE749B01012
OSWALAGRO,EQ,8.5,9.05,8.5,8.75,8.85,8.75,11806,104169.3,08-MAR-2019,90,INE142A01012
PAGEIND,EQ,23065,23478.35,22900,23003.4,23073.8,23107.15,28742,665202872.5,08-MAR-2019,10421,INE761H01022
PAISALO,EQ,300.15,304,298.5,298.5,298.5,296.85,590,176483.75,08-MAR-2019,48,INE420C01042
PALASHSECU,EQ,38.55,40,38.55,40,40,39.8,366,14578.7,08-MAR-2019,6,INE471W01019
PALREDTEC,EQ,31.25,32.5,30.85,31.2,30.85,31.25,6409,200178,08-MAR-2019,201,INE218G01033
PANACEABIO,EQ,191.95,198.35,191,192.9,193.1,191.95,43872,8558685.25,08-MAR-2019,985,INE922B01023
PANAMAPET,EQ,131.95,132,127.3,130.1,130,131.9,21431,2784841.1,08-MAR-2019,404,INE305C01029
PANSARI,SM,34,34,33.75,33.75,33.75,32.4,12000,406500,08-MAR-2019,2,INE697V01011
PAPERPROD,EQ,198.75,205.15,197.75,200.15,201,198.65,30985,6249840.5,08-MAR-2019,681,INE275B01026
PARABDRUGS,BE,1.6,1.6,1.6,1.6,1.6,1.6,1787,2859.2,08-MAR-2019,4,INE618H01016
PARACABLES,EQ,11.8,11.95,11.55,11.65,11.75,11.9,39257,457615.25,08-MAR-2019,119,INE074B01023
PARAGMILK,EQ,240,242.8,238.55,241,241,241.35,84542,20318985.1,08-MAR-2019,2017,INE883N01014
PARSVNATH,EQ,5.85,6.1,5.75,5.95,6,6,52559,310005.9,08-MAR-2019,134,INE561H01026
PATELENG,EQ,27.65,28.3,27.65,28,28.15,28.25,91906,2564559.2,08-MAR-2019,883,INE244B01030
PATINTLOG,EQ,50.2,50.8,50,50.15,50,51.55,25055,1255193,08-MAR-2019,313,INE529D01014
PATSPINLTD,EQ,11.7,12.4,11.5,11.75,11.85,11.7,15276,180486.25,08-MAR-2019,141,INE790C01014
PBAINFRA,BZ,5.05,5.3,5.05,5.1,5.1,5.05,601,3160.1,08-MAR-2019,5,INE160H01019
PCJEWELLER,EQ,79.25,79.55,76.6,77.45,77.5,79.25,8698833,675489531.05,08-MAR-2019,29670,INE785M01013
PDMJEPAPER,EQ,19,19,18.3,18.7,18.8,18.95,30073,561770.05,08-MAR-2019,398,INE865T01018
PDPL,BE,8.3,8.3,8.3,8.3,8.3,8.55,702,5826.6,08-MAR-2019,3,INE904D01019
PDSMFL,EQ,260,260,258,258,258,258,81,20910,08-MAR-2019,3,INE111Q01013
PEARLPOLY,EQ,13.3,13.75,12.7,13.35,13.35,13.5,3580,46964.5,08-MAR-2019,28,INE844A01013
PEL,EQ,2574,2604.4,2536.8,2582.05,2585,2575.25,548731,1414946977.85,08-MAR-2019,26230,INE140A01024
PENIND,EQ,39.85,39.85,38,38.2,38.25,39.7,147154,5693417.8,08-MAR-2019,3345,INE932A01024
PENINLAND,EQ,9.3,9.3,8.95,9.05,9.1,9.3,289691,2629245.05,08-MAR-2019,508,INE138A01028
PENPEBS,EQ,61.35,61.35,55.75,57.75,57.05,59.65,4541,259779.3,08-MAR-2019,425,INE455O01019
PERSISTENT,EQ,643.95,653.5,639.8,648.75,648.6,641.95,62745,40493831.5,08-MAR-2019,4110,INE262H01013
PETRONENGG,EQ,19.4,20.65,19.3,19.8,19.45,20.2,28825,577233.4,08-MAR-2019,155,INE742A01019
PETRONET,EQ,228.9,234.9,228.6,233.9,234,229,2258823,523632521.35,08-MAR-2019,45578,INE347G01014
PFC,EQ,112.15,112.3,106.8,108.8,108.65,112.3,12403960,1349731042.25,08-MAR-2019,38870,INE134E01011
PFC,N1,1129,1130,1129,1130,1130,1104,8500,9600000,08-MAR-2019,6,INE134E07570
PFC,N4,1080.25,1082.99,1080.25,1080.3,1080.3,1082.99,60,64870.3,08-MAR-2019,3,INE134E07190
PFC,N5,1145.1,1164.1,1145.1,1164.1,1164.1,1145,650,751915,08-MAR-2019,2,INE134E07208
PFC,N6,1102,1129.6,1102,1129.6,1129.6,1189,1704,1891133.8,08-MAR-2019,11,INE134E07422
PFIZER,EQ,3225,3260.45,3185.1,3214.8,3190.9,3234.5,17697,56952676.95,08-MAR-2019,3329,INE182A01018
PFOCUS,EQ,66.5,67.1,63.25,66.8,66.15,66.4,71813,4697256.05,08-MAR-2019,1565,INE367G01038
PFS,EQ,16.4,16.45,16,16.1,16.1,16.4,341688,5530862.85,08-MAR-2019,1345,INE560K01014
PGEL,EQ,76.05,78.6,73.95,76.3,75.45,75.6,105128,8053565,08-MAR-2019,1997,INE457L01011
PGHH,EQ,10549.9,10549.9,10172.75,10320.3,10172.75,10446,2971,30690098.2,08-MAR-2019,1499,INE179A01014
PGIL,EQ,162,162,158.5,159.75,159.35,163.65,9744,1562094.2,08-MAR-2019,111,INE940H01014
PHILIPCARB,EQ,177.9,177.9,172.35,173.75,173.65,178.15,651954,113534658.9,08-MAR-2019,8900,INE602A01023
PHOENIXLTD,EQ,614,640.95,614,620.3,624.5,625.6,43698,27272195.35,08-MAR-2019,1761,INE211B01039
PIDILITIND,EQ,1136.45,1139.95,1112.2,1124.5,1126,1133.95,442801,497486489.7,08-MAR-2019,16724,INE318A01026
PIIND,EQ,966,996.45,965,989.05,983,966.45,155697,153327833.15,08-MAR-2019,14284,INE603J01030
PILANIINVS,EQ,2138,2141.95,2080,2092.35,2098,2110,290,609260.4,08-MAR-2019,78,INE417C01014
PILITA,BE,6.55,6.85,6.5,6.55,6.85,6.55,8835,57999.05,08-MAR-2019,21,INE600A01035
PIONDIST,EQ,151.95,154.35,151.95,154.3,154.35,147,16775,2586637.65,08-MAR-2019,307,INE889E01010
PIONEEREMB,EQ,26.25,27,26.1,26.6,27,26.5,2191,57964.85,08-MAR-2019,31,INE156C01018
PIRPHYTO,BE,34.45,36.65,33.55,34.6,34.6,35.1,4259,148472.55,08-MAR-2019,29,INE122J01015
PITTIENG,EQ,60.95,60.95,57.2,57.9,57.5,60.1,26429,1545407.05,08-MAR-2019,724,INE450D01021
PKTEA,BE,168,177,166,176.95,176.95,171,135,22840.1,08-MAR-2019,7,INE431F01018
PLASTIBLEN,EQ,191.1,193.45,184.2,186.55,184.3,189.9,1138,215019.85,08-MAR-2019,58,INE083C01022
PNB,EQ,85.35,85.85,83.6,83.8,83.85,85.45,26190794,2213141429.55,08-MAR-2019,64071,INE160A01022
PNBGILTS,EQ,31.25,31.65,31.05,31.5,31.6,31.25,44025,1384145.05,08-MAR-2019,283,INE859A01011
PNBHOUSING,EQ,893.95,897.95,877,883.7,882.9,888.8,183506,162927979.55,08-MAR-2019,6275,INE572E01012
PNC,EQ,19.45,19.45,19,19.1,19.05,18.25,2372,45624.7,08-MAR-2019,25,INE392B01011
PNCINFRA,EQ,135.55,145.05,135.55,142.15,143.6,135.55,294274,41690288.35,08-MAR-2019,2849,INE195J01029
PODDARHOUS,EQ,547.8,547.8,510,520,520,517,318,165097.6,08-MAR-2019,11,INE888B01018
PODDARMENT,EQ,168.95,178,166,176.3,177,167,117807,19686862.4,08-MAR-2019,142,INE371C01013
POKARNA,EQ,172.95,174,172.5,172.95,173,172.8,4995,863610.35,08-MAR-2019,652,INE637C01025
POLYMED,EQ,218.8,218.8,211.15,215,215,215.2,2477,533193.4,08-MAR-2019,84,INE205C01021
POLYPLEX,EQ,514.6,520.55,505.1,513.6,508,517.4,21015,10827351.3,08-MAR-2019,454,INE633B01018
PONNIERODE,EQ,136.7,137.7,135,135.75,136.95,135.75,1519,206760.65,08-MAR-2019,30,INE838E01017
POWERGRID,EQ,188,188.45,185.25,187,186.8,187.15,3493857,651754721.4,08-MAR-2019,28550,INE752E01010
POWERMECH,EQ,949.95,957.45,923.8,938.3,935,940.95,1183,1107432.95,08-MAR-2019,154,INE211R01019
PPAP,EQ,325.45,331,325.15,327,326,328.7,6784,2227159.05,08-MAR-2019,348,INE095I01015
PRABHAT,EQ,56.9,56.9,55.5,55.9,55.75,56.35,54198,3039937.8,08-MAR-2019,570,INE302M01033
PRAENG,EQ,9.2,9.5,9.05,9.15,9.5,9.25,11052,102471.55,08-MAR-2019,12,INE505C01016
PRAJIND,EQ,157.1,159,154.1,156.1,155.75,158.85,2907888,454244396.3,08-MAR-2019,25321,INE074A01025
PRAKASH,EQ,92.9,94.9,91.75,93.3,93.35,93.05,544666,50870223.5,08-MAR-2019,3792,INE603A01013
PRAKASHCON,EQ,4.4,4.4,4.15,4.2,4.2,4.35,109708,465501,08-MAR-2019,175,INE023M01027
PRAKASHSTL,EQ,0.4,0.4,0.35,0.35,0.35,0.4,16040,6376,08-MAR-2019,13,INE696K01024
PRAXIS,EQ,171.1,179.95,171.1,178.35,178,173.15,37349,6561501.45,08-MAR-2019,604,INE546Y01022
PRECAM,EQ,59.65,59.65,57.05,57.75,57.55,60.1,13884,809466.85,08-MAR-2019,227,INE484I01029
PRECWIRE,EQ,216.95,219.9,214,217.3,214.9,218.7,4730,1027394.6,08-MAR-2019,194,INE372C01029
PREMEXPLN,EQ,270,272,254.2,256.1,257,264,16650,4380914,08-MAR-2019,689,INE863B01011
PREMIER,EQ,7,7.15,6.8,7.15,7.15,6.85,8049,56519.2,08-MAR-2019,68,INE342A01018
PREMIERPOL,EQ,25.1,25.1,25,25.05,25.05,25.55,1191,29794.5,08-MAR-2019,16,INE309M01012
PRESSMN,EQ,30.05,30.2,29.7,29.85,30.2,30.4,4050,121044.95,08-MAR-2019,40,INE980A01023
PRESTIGE,EQ,205.75,205.75,201,201.75,201.3,204.7,163654,33161333.3,08-MAR-2019,6096,INE811K01011
PRICOLLTD,EQ,40.5,41.3,39.2,40.35,40.2,40.5,69012,2773415.85,08-MAR-2019,602,INE726V01018
PRIMESECU,EQ,40.35,43,40,40.95,40.85,40.5,45721,1896765.9,08-MAR-2019,441,INE032B01021
PROSEED,BE,0.5,0.5,0.45,0.5,0.5,0.5,90715,43750.6,08-MAR-2019,57,INE217G01027
PROVOGE,BE,1.55,1.55,1.45,1.55,1.55,1.5,36406,54245.05,08-MAR-2019,44,INE968G01033
PROZONINTU,EQ,28.65,29.4,28.65,29.2,29.2,28.6,100574,2931063.65,08-MAR-2019,479,INE195N01013
PRSMJOHNSN,EQ,91.45,92.5,89.6,90.25,90.1,91.6,371395,33558453.6,08-MAR-2019,5149,INE010A01011
PSB,EQ,27.55,28.35,27.55,28,27.8,27.65,108022,3021912.8,08-MAR-2019,431,INE608A01012
PSL,BE,1.1,1.1,1,1.05,1.05,1.05,140241,142335.9,08-MAR-2019,44,INE474B01017
PSPPROJECT,EQ,446,452,442,443,443,446.35,71292,31699221.45,08-MAR-2019,578,INE488V01015
PSUBNKBEES,EQ,327.49,327.49,325,325.39,325.39,325.88,795,260065.76,08-MAR-2019,16,INF732E01110
PTC,EQ,79.8,79.8,78.05,78.55,78.2,79.15,157500,12414257.05,08-MAR-2019,1395,INE877F01012
PTL,EQ,39.9,40.85,38.3,39.35,38.5,39.5,3273,128811.75,08-MAR-2019,84,INE034D01031
PULZ,SM,35,35,35,35,35,35,2000,70000,08-MAR-2019,1,INE335X01014
PUNJABCHEM,EQ,677.9,686.9,666.1,675.1,680,673.4,2825,1917057.2,08-MAR-2019,215,INE277B01014
PUNJLLOYD,EQ,2.7,2.7,2.7,2.7,2.7,2.6,246131,664553.7,08-MAR-2019,187,INE701B01021
PURVA,EQ,70.6,72.55,70.55,71.15,70.8,71.05,105491,7554839.05,08-MAR-2019,830,INE323I01011
PUSHPREALM,SM,21,21,21,21,21,22,4000,84000,08-MAR-2019,2,INE728W01012
PVP,BZ,3.75,3.9,3.65,3.8,3.85,3.8,38454,142892.95,08-MAR-2019,41,INE362A01016
PVR,EQ,1522,1554.55,1522,1542.4,1541.9,1519.55,478283,737417349.45,08-MAR-2019,17199,INE191H01014
QGOLDHALF,EQ,1413,1418,1413,1416,1416,1411.8,73,103373.1,08-MAR-2019,19,INF082J01010
QUESS,EQ,768.75,770,746.4,766.5,761,763.45,123849,93320487.65,08-MAR-2019,4275,INE615P01015
QUICKHEAL,EQ,232.8,232.8,228,229.75,230.25,233.05,141837,32621907.25,08-MAR-2019,2756,INE306L01010
QUINTEGRA,BE,0.7,0.7,0.7,0.7,0.7,0.65,1508,1055.6,08-MAR-2019,2,INE033B01011
RADAAN,BE,3.25,3.25,2.95,2.95,2.95,3.1,6529,19419.75,08-MAR-2019,16,INE874F01027
RADICO,EQ,398.4,406.2,388.2,390.8,391,391.25,1120785,444246196.05,08-MAR-2019,25642,INE944F01028
RADIOCITY,EQ,58.45,59.1,57.1,58.4,58.3,58.45,73967,4296913.25,08-MAR-2019,1301,INE919I01024
RAIN,EQ,106.9,109.5,105.4,106.05,106.1,106.95,936622,100196411,08-MAR-2019,6847,INE855B01025
RAINBOWPAP,BE,1.05,1.05,1,1,1,1,37309,38524.2,08-MAR-2019,35,INE028D01025
RAJESHEXPO,EQ,574.3,587.9,573,581.65,581.6,571.7,238041,138593181.95,08-MAR-2019,5195,INE343B01030
RAJMET,SM,26.3,26.3,26.3,26.3,26.3,26.2,4000,105200,08-MAR-2019,1,INE00KV01014
RAJRAYON,BZ,0.05,0.1,0.05,0.1,0.1,0.1,293796,27001.75,08-MAR-2019,81,INE533D01024
RAJSREESUG,EQ,23.95,24.7,22.6,22.75,22.7,23.05,8588,198985.95,08-MAR-2019,77,INE562B01019
RAJTV,BZ,39.25,41.15,38.15,41.1,41.1,39.25,1025,40243.75,08-MAR-2019,8,INE952H01027
RALLIS,EQ,162.5,162.8,158,158.4,158.3,161.7,130266,20791637.1,08-MAR-2019,1490,INE613A01020
RAMANEWS,EQ,23.75,23.85,22.95,23.2,23.2,23.95,32655,758076.75,08-MAR-2019,138,INE278B01020
RAMASTEEL,EQ,96.1,98.75,95.25,97.9,98,96.7,23180,2250076.45,08-MAR-2019,173,INE230R01027
RAMCOCEM,EQ,720,727.35,704,724.15,723.4,721.3,355767,255399360.55,08-MAR-2019,15424,INE331A01037
RAMCOIND,EQ,204.25,208.65,201.35,205.75,206,204.15,117929,24074669.8,08-MAR-2019,498,INE614A01028
RAMCOSYS,EQ,258,272.05,257,265.35,264,259.35,25879,6904898.4,08-MAR-2019,1063,INE246B01019
RAMGOPOLY,BE,2.9,2.9,2.9,2.9,2.9,2.9,107,310.3,08-MAR-2019,3,INE410D01017
RAMKY,EQ,111,117,110.4,115.3,114.75,111.45,187646,21623891.85,08-MAR-2019,2487,INE874I01013
RANASUG,EQ,4.05,4.05,3.85,4,3.9,3.95,320442,1265630.8,08-MAR-2019,268,INE625B01014
RANEENGINE,EQ,455.35,461.05,451.45,452,451.65,453.35,1088,492302.7,08-MAR-2019,62,INE222J01013
RANEHOLDIN,EQ,1210.05,1225,1210.05,1214.65,1214,1232.7,612,744658.75,08-MAR-2019,114,INE384A01010
RATNAMANI,EQ,888.95,895,877,878.05,877,885,28349,24916090.35,08-MAR-2019,183,INE703B01027
RAYMOND,EQ,813,818.5,805,808.15,806.6,815.15,494961,401392719.45,08-MAR-2019,14574,INE301A01014
RBL,EQ,589.55,612.3,583.7,588.35,589,575.55,29908,17744564.35,08-MAR-2019,2742,INE244J01017
RBLBANK,EQ,620,641.95,618,638.1,641.15,622.45,3784443,2400612461.95,08-MAR-2019,64787,INE976G01028
RCF,EQ,57.65,58.1,56.75,57,57.05,57.8,748847,42840114.65,08-MAR-2019,4406,INE027A01015
RCOM,EQ,6,6,5.8,5.85,5.9,5.9,17747421,104368884.7,08-MAR-2019,10296,INE330H01018
RECLTD,EQ,144.4,144.7,139.65,142.9,143.9,144.7,15464637,2193319929.7,08-MAR-2019,55554,INE020B01018
RECLTD,N1,1045,1045,1045,1045,1045,1048,95,99275,08-MAR-2019,2,INE020B07GW6
RECLTD,N2,1098.7,1098.7,1098.7,1098.7,1098.7,1092,10,10987,08-MAR-2019,1,INE020B07GX4
RECLTD,N3,1060,1060,1035.51,1058.95,1035.51,1035,194,205542.04,08-MAR-2019,5,INE020B07GY2
RECLTD,N6,1185,1190,1180,1190,1190,1195,153,181470,08-MAR-2019,11,INE020B07HP8
RECLTD,N8,1081.15,1090,1081.1,1090,1090,1090,844,914981.42,08-MAR-2019,10,INE020B07HR4
RECLTD,N9,1179.3,1188,1179.3,1186.82,1185.1,1195,262,310257.3,08-MAR-2019,7,INE020B07HS2
RECLTD,NF,1201.51,1201.51,1201.51,1201.51,1201.51,1197.05,15,18022.65,08-MAR-2019,2,INE020B07IG5
RECLTD,NH,1111.6,1135,1111.6,1135,1135,1135,81,90226.8,08-MAR-2019,2,INE020B07JU4
REDINGTON,EQ,93,95.35,91,94.45,94.5,93,431449,40457450,08-MAR-2019,8530,INE891D01026
REFEX,EQ,42.45,42.45,42.45,42.45,42.45,40.45,55581,2359413.45,08-MAR-2019,109,INE056I01017
REGENCERAM,BE,3.3,3.3,3.3,3.3,3.3,3.15,100,330,08-MAR-2019,1,INE277C01012
RELAXO,EQ,751,757,741.65,753.95,750.3,750.25,27883,20920465.9,08-MAR-2019,1263,INE131B01039
RELCAPITAL,EQ,187,197.35,185.5,190.55,190.5,187.85,16347572,3138798352.5,08-MAR-2019,117291,INE013A01015
RELCNX100,EQ,115.44,115.44,114.43,115.44,115.44,115.7,51,5883.4,08-MAR-2019,4,INF204K014N5
RELCONS,EQ,49.5,50.98,49.5,50.65,50.85,50.7,3995,203166.52,08-MAR-2019,26,INF204KA1LD7
RELDIVOPP,EQ,29.7,29.7,29.44,29.6,29.6,29.74,972,28710.48,08-MAR-2019,8,INF204KA1MS3
RELIABLE,SM,51,51,51,51,51,49,2000,102000,08-MAR-2019,1,INE375Y01018
RELIANCE,EQ,1266.05,1274.45,1262,1267.1,1266.9,1270.25,6040052,7654451409.25,08-MAR-2019,137676,INE002A01018
RELIGARE,EQ,29.7,29.9,28.9,29.65,29.45,29.6,104337,3062217.8,08-MAR-2019,466,INE621H01010
RELINFRA,EQ,134.1,136.95,129.5,130.2,130.2,133.3,13832767,1842216152.4,08-MAR-2019,87335,INE036A01016
RELNV20,EQ,583,583,561.88,565.65,565.65,571.1,596,337515.02,08-MAR-2019,54,INF204KA17D8
REMSONSIND,EQ,87.05,88,86.25,88,88,86.3,573,50228.85,08-MAR-2019,13,INE474C01015
RENUKA,EQ,11.65,11.95,11.4,11.45,11.45,11.65,1001071,11661911.25,08-MAR-2019,1215,INE087H01022
REPCOHOME,EQ,450,460,439.5,455.75,458.35,446.15,1313127,591983608.4,08-MAR-2019,25229,INE612J01015
REPL,SM,37,37.05,33.3,35.3,35.3,37.05,54000,1907400,08-MAR-2019,13,INE364Z01019
REPRO,EQ,587,604.05,569,599.3,599,594.95,5816,3391791.8,08-MAR-2019,338,INE461B01014
RESPONIND,EQ,93.7,93.95,92,92.35,92,92.75,94428,8771765.3,08-MAR-2019,1381,INE688D01026
RETFMID150,EQ,62.25,62.25,62,62,62,62.4,1380,85878.25,08-MAR-2019,7,INF204KB1V68
REVATHI,EQ,394.4,405,384.05,399.1,400,402.1,207,82227.6,08-MAR-2019,23,INE617A01013
RHFL,EQ,29,30.75,28.9,29.1,29,29.9,483572,14463491.65,08-MAR-2019,2172,INE217K01011
RHFL,N2,888,888,881,882.71,881,890,75,66329,08-MAR-2019,9,INE217K07AC4
RHFL,N6,745,745,735,737.28,740,725.23,190,140903.75,08-MAR-2019,8,INE217K07AG5
RICOAUTO,EQ,68.7,68.8,66.65,67,67,69.05,195343,13180118.8,08-MAR-2019,1897,INE209B01025
RIIL,EQ,304.25,337.9,304.25,317.7,317.15,306.8,1702009,558482252.7,08-MAR-2019,31304,INE046A01015
RITES,EQ,253,263.5,251.45,257.9,257,255.15,597218,154339508.95,08-MAR-2019,11539,INE320J01015
RJL,EQ,305.1,308.8,301,307.95,308,305.05,1820,556061.9,08-MAR-2019,42,INE722H01016
RKDL,EQ,9.75,9.75,8.25,9.3,9.35,9.05,22312,206949.95,08-MAR-2019,105,INE722J01012
RKEC,SM,60,61.45,59.95,61.45,61.45,57.9,11000,666650,08-MAR-2019,8,INE786W01010
RKFORGE,EQ,530,530.05,510.65,518.15,520,525.55,39582,20513654.85,08-MAR-2019,1915,INE399G01015
RMCL,EQ,21.3,22.95,20.8,22.35,22.95,21.2,183298,4011453.3,08-MAR-2019,450,INE172H01014
RMDRIP,SM,53.5,53.7,53.5,53.7,53.7,52.05,20000,1072400,08-MAR-2019,6,INE219Y01018
RML,EQ,415.4,419,406.9,412.25,416,413,6393,2618541.6,08-MAR-2019,198,INE050H01012
RNAM,EQ,196.55,222.8,196.55,203.55,203,194.25,6385362,1339732363.4,08-MAR-2019,81777,INE298J01013
RNAVAL,EQ,11.85,11.95,11.4,11.5,11.5,11.75,787222,9156357.8,08-MAR-2019,1950,INE542F01012
ROHITFERRO,BE,1.3,1.3,1.3,1.3,1.3,1.25,4904,6375.2,08-MAR-2019,9,INE248H01012
ROHLTD,EQ,115.05,127.5,114.05,121.9,121,116.35,165694,20351676.75,08-MAR-2019,3004,INE283H01019
ROLLT,BE,2.6,2.6,2.55,2.55,2.55,2.65,4819,12413.2,08-MAR-2019,10,INE927A01040
ROLTA,BE,8.85,8.85,8.05,8.85,8.85,8.45,2300271,19860206.95,08-MAR-2019,2936,INE293A01013
ROSSELLIND,EQ,72.85,74.5,69.5,69.95,69.5,72.8,9095,639712.85,08-MAR-2019,158,INE847C01020
RPGLIFE,EQ,243.05,246,240,244.15,245,245.5,11085,2699161.7,08-MAR-2019,336,INE105J01010
RPOWER,EQ,12.35,12.55,11.85,11.95,12.05,12.35,56752343,692774361.05,08-MAR-2019,26599,INE614G01033
RPPINFRA,EQ,107.25,109.2,99.75,102.9,103.35,109.2,218679,22938219.4,08-MAR-2019,832,INE324L01013
RPPL,SM,102,102,102,102,102,107,1000,102000,08-MAR-2019,1,INE760W01015
RRSLGETF,EQ,18.24,18.27,18.22,18.23,18.27,18.25,7314,133403.93,08-MAR-2019,4,INF204KB1882
RSSOFTWARE,EQ,30.85,31.15,30.05,30.3,30.35,30.75,8992,274712.15,08-MAR-2019,172,INE165B01029
RSWM,EQ,186.9,186.9,177.95,180.45,179.9,184,21185,3827307.3,08-MAR-2019,423,INE611A01016
RSYSTEMS,EQ,50.65,50.75,50,50.35,50.15,50.9,9216,464853.9,08-MAR-2019,141,INE411H01032
RTNINFRA,EQ,3.1,3.25,3.1,3.2,3.25,3.1,278637,874790.25,08-MAR-2019,190,INE834M01019
RTNPOWER,EQ,3.15,3.15,3,3.1,3.1,3.1,1244624,3829543.4,08-MAR-2019,2453,INE399K01017
RUBYMILLS,EQ,285,290,280.05,281.05,281,284.85,4748,1354201.25,08-MAR-2019,529,INE301D01026
RUCHINFRA,BE,2.8,2.85,2.65,2.85,2.85,2.75,32633,91722.7,08-MAR-2019,36,INE413B01023
RUCHIRA,EQ,111.25,112.9,108.05,110.35,110.6,110.75,48526,5352415.9,08-MAR-2019,963,INE803H01014
RUCHISOYA,BE,6.8,6.9,6.6,6.9,6.9,6.6,777638,5333105.5,08-MAR-2019,825,INE619A01027
RUPA,EQ,337,351.7,337,347,349.5,340.05,43135,14889758.05,08-MAR-2019,1222,INE895B01021
RUSHIL,EQ,524.5,524.5,505,506.45,506,509.25,323,163904.6,08-MAR-2019,41,INE573K01017
SABEVENTS,EQ,2.25,2.25,2.25,2.25,2.25,2.35,2500,5625,08-MAR-2019,3,INE860T01019
SABTN,EQ,4.85,4.85,4.45,4.85,4.85,4.65,138300,635996.05,08-MAR-2019,147,INE416A01036
SADBHAV,EQ,233,237.8,222.1,223.1,222.9,234.3,148457,34063994.1,08-MAR-2019,5027,INE226H01026
SADBHIN,EQ,95,95,90.45,92.2,92,90.45,14863,1391540.55,08-MAR-2019,391,INE764L01010
SAGARDEEP,EQ,85.8,86.95,83.05,85.25,84.5,85.65,105749,9110898.75,08-MAR-2019,645,INE976T01013
SAGCEM,EQ,667.25,684.6,667.1,675.3,675,670.3,2231,1508652.5,08-MAR-2019,161,INE229C01013
SAIL,EQ,54.4,54.4,53.2,53.5,53.55,54.4,13899445,746759500.75,08-MAR-2019,23733,INE114A01011
SAKETH,SM,103.5,103.5,103.5,103.5,103.5,102,4000,414000,08-MAR-2019,2,INE869Y01010
SAKHTISUG,EQ,13.8,14.15,12.95,12.95,12.95,13.6,252759,3402742.2,08-MAR-2019,712,INE623A01011
SAKSOFT,EQ,299.1,299.1,290.1,293.05,292.15,295.8,4182,1225984.3,08-MAR-2019,243,INE667G01015
SAKUMA,EQ,33.2,33.6,32.9,33.25,33.25,33.15,332495,11065643,08-MAR-2019,901,INE190H01024
SALASAR,EQ,231.05,237,228,228.75,229,231.05,8249,1911918.65,08-MAR-2019,440,INE170V01019
SALONA,EQ,68,73.45,65.35,69.55,68.5,69.4,1009,68090.45,08-MAR-2019,57,INE498E01010
SALORAINTL,EQ,19.5,21.35,19.5,21.35,21.35,20.35,601,11721.35,08-MAR-2019,3,INE924A01013
SALSTEEL,EQ,5.9,5.9,5.4,5.6,5.55,5.55,72552,402202.15,08-MAR-2019,97,INE658G01014
SALZERELEC,EQ,128,128,123.25,124.65,125,128.95,8608,1069136.9,08-MAR-2019,240,INE457F01013
SAMBHAAV,EQ,5.2,5.2,4.6,4.85,4.75,4.85,87728,441497.75,08-MAR-2019,98,INE699B01027
SANCO,EQ,13.5,14.2,13.35,14.1,13.7,13.6,35172,486286.95,08-MAR-2019,160,INE782L01012
SANDESH,EQ,764.35,790,757.05,760.45,763.95,764.35,915,699575.5,08-MAR-2019,111,INE583B01015
SANDHAR,EQ,296.8,300,274.95,294.85,300,297.3,10108,2924859.1,08-MAR-2019,1119,INE278H01035
SANGAMIND,EQ,64.25,72.5,63,66.65,67,63.05,78651,5403221.65,08-MAR-2019,919,INE495C01010
SANGHIIND,EQ,64.05,65.35,63,64.55,64,64.85,54167,3490733.5,08-MAR-2019,588,INE999B01013
SANGHVIFOR,EQ,25.25,25.25,23.45,24.55,24.8,24.05,10779,259070,08-MAR-2019,51,INE263L01013
SANGHVIMOV,EQ,100,105,98,104.65,105,98,123619,12691034.4,08-MAR-2019,2024,INE989A01024
SANGINITA,SM,60.5,62.25,60.5,62,62,60.5,25000,1531000,08-MAR-2019,14,INE753W01010
SANOFI,EQ,5592.65,5624.8,5461.55,5547.2,5580,5593.95,33010,182682791.7,08-MAR-2019,6404,INE058A01010
SANWARIA,EQ,10.4,10.55,9.6,9.8,9.85,10.3,2530081,25460432.2,08-MAR-2019,2729,INE890C01046
SARDAEN,EQ,317.1,317.95,301.65,308.85,308.25,316.65,45262,14033076.55,08-MAR-2019,1770,INE385C01013
SAREGAMA,EQ,620.05,637.3,616.85,621.35,624,619.15,24956,15683027.45,08-MAR-2019,1350,INE979A01017
SARLAPOLY,EQ,29.5,29.8,28.9,29.45,29.4,29.35,19103,560054.4,08-MAR-2019,219,INE453D01025
SARVESHWAR,SM,28,30.05,27.85,29.1,30.05,29.1,11200,326160,08-MAR-2019,5,INE324X01018
SASKEN,EQ,637.9,649,630.6,644.1,646.75,640.8,14285,9145001.85,08-MAR-2019,1850,INE231F01020
SASTASUNDR,EQ,108.85,112,108.5,110.2,110,109.7,9435,1037327,08-MAR-2019,98,INE019J01013
SATHAISPAT,BZ,8.4,8.55,7.9,7.9,7.9,8.2,2697,21649.8,08-MAR-2019,20,INE176C01016
SATIN,EQ,305.4,313.9,303,310.2,309.6,303.25,80180,24806962.55,08-MAR-2019,2409,INE836B01017
SBIETFQLTY,EQ,97,98.8,95.34,95.9,95.9,95.89,3052,292359.7,08-MAR-2019,73,INF200KA1WX6
SBILIFE,EQ,587,596.4,585.4,587.15,586.5,592.1,195823,115575303.7,08-MAR-2019,9188,INE123W01016
SBIN,EQ,281.85,284.25,279.6,281.2,281.5,281.75,19943319,5631654413.05,08-MAR-2019,132214,INE062A01020
SBIN,N2,11401,11401,11280,11299.99,11299.99,11400.05,321,3628293.98,08-MAR-2019,28,INE062A08025
SBIN,N5,11690,11690,11655,11667,11655,11673.37,324,3783770.35,08-MAR-2019,20,INE062A08058
SCAPDVR,EQ,0.95,0.95,0.95,0.95,0.95,0.9,3566,3387.7,08-MAR-2019,4,INE224E01036
SCHAEFFLER,EQ,5599.95,5610,5451,5500,5500,5537.15,14865,81954144.5,08-MAR-2019,1131,INE513A01014
SCHAND,EQ,186.05,191.9,185,188.95,187.65,187.55,3223,609867.8,08-MAR-2019,446,INE807K01035
SCHNEIDER,EQ,103.25,103.95,101.5,101.65,101.6,104.85,32168,3303074.3,08-MAR-2019,756,INE839M01018
SCI,EQ,39.45,40.65,38.8,39.1,39,39.7,935024,37128242,08-MAR-2019,3960,INE109A01011
SDBL,EQ,159.95,162.3,157.1,157.8,157.3,159.15,31873,5080370.95,08-MAR-2019,860,INE480C01012
SEAMECLTD,EQ,380,387.95,376.9,380.55,381.95,378.85,23517,8939441.05,08-MAR-2019,533,INE497B01018
SECURCRED,SM,88.1,88.1,88.1,88.1,88.1,96.5,600,52860,08-MAR-2019,1,INE195Y01010
SELAN,EQ,181.7,182.7,177.1,179.25,178.7,180.7,67395,12114317.95,08-MAR-2019,1352,INE818A01017
SELMCL,BE,1.2,1.2,1.1,1.15,1.15,1.15,20006,23309.65,08-MAR-2019,20,INE105I01012
SEPOWER,EQ,4.05,4.1,4.05,4.1,4.1,3.95,334,1364.4,08-MAR-2019,5,INE735M01018
SEQUENT,EQ,71.5,77.9,70.4,72.7,77,71.5,4927999,358014624.95,08-MAR-2019,6685,INE807F01027
SESHAPAPER,EQ,951,954,941.5,944.8,945,956.85,1049,994986.9,08-MAR-2019,120,INE630A01016
SETCO,EQ,32.65,34.65,32.6,33.85,33.75,32.9,393371,13358916.15,08-MAR-2019,1751,INE878E01021
SETFGOLD,EQ,2876.5,2899,2876.5,2891.05,2894.9,2875.65,1056,3052549.8,08-MAR-2019,177,INF200K01099
SETFNIF50,EQ,112.15,112.39,111.97,112.35,112.39,112.51,51739,5798570.15,08-MAR-2019,134,INF200KA1FS1
SETFNIFBK,EQ,279.72,279.88,278.41,279.8,279.88,279.2,837,233554.2,08-MAR-2019,29,INF200KA1580
SETFNN50,EQ,270,289.4,254.4,279.73,278.7,279.52,1657,461366.32,08-MAR-2019,38,INF200KA1598
SFL,EQ,1394,1394,1334,1343.1,1340.05,1374.75,934,1262671.45,08-MAR-2019,216,INE916U01025
SGBAUG24,GB,3007.7,3007.7,2970,2980.95,2977,2972,321,955233.65,08-MAR-2019,25,IN0020160027
SGBDEC26,GB,2900,2975,2900,2975,2975,2715,22,65300,08-MAR-2019,2,IN0020180389
SGBFEB24,GB,2990,2990,2990,2990,2990,3000,500,1495000,08-MAR-2019,3,IN0020150101
SGBFEB27,GB,2920,2920,2920,2920,2920,2815,1,2920,08-MAR-2019,1,IN0020180561
SGBJAN26,GB,3139.99,3139.99,3139.99,3139.99,3139.99,2905,2,6279.98,08-MAR-2019,1,IN0020170166
SGBJUL25,GB,3000,3000,3000,3000,3000,2985.01,51,153000,08-MAR-2019,2,IN0020170034
SGBMAR24,GB,2985,3000,2965,3000,3000,2975,26,77309,08-MAR-2019,10,IN0020150119
SGBMAR25,GB,2975,2975,2975,2975,2975,2960.01,1,2975,08-MAR-2019,1,IN0020160126
SGBMAY25,GB,2995,2999,2990,2994.16,2990,2958,25,74854,08-MAR-2019,5,IN0020170018
SGBMAY26,GB,2898,2960,2898,2960,2960,2955,13,38408,08-MAR-2019,4,IN0020180033
SGBNOV24,GB,2961,3000,2960,2998.88,3000,2967,974,2908903.35,08-MAR-2019,44,IN0020160076
SGBNOV25VI,GB,2990,2990,2990,2990,2990,2725.25,5,14950,08-MAR-2019,5,IN0020170083
SGBNOV26,GB,2910,2950,2906,2950,2950,2930,11,32206,08-MAR-2019,4,IN0020180314
SGBOCT25,GB,2910,2910,2910,2910,2910,2865,1,2910,08-MAR-2019,1,IN0020170059
SGBOCT25IV,GB,2960,2985,2950,2985,2985,2949.98,236,699990,08-MAR-2019,11,IN0020170067
SGBOCT26,GB,3100,3100,3100,3100,3100,3000,1,3100,08-MAR-2019,1,IN0020180249
SGBSEP24,GB,3000,3000,2975.25,2997.34,3000,3015,243,725434,08-MAR-2019,34,IN0020160043
SGFL,BZ,1,1,1,1,1,1,1,1,08-MAR-2019,1,INE883G01018
SGL,EQ,6.45,6.45,6.05,6.2,6.35,6.45,8790,54990.6,08-MAR-2019,22,INE353H01010
SHAHALLOYS,EQ,16.65,17.15,16.3,16.9,17,17.15,7516,125948.85,08-MAR-2019,54,INE640C01011
SHAKTIPUMP,EQ,387,389.95,380,380.85,381,388.1,28824,11036427.8,08-MAR-2019,1064,INE908D01010
SHALBY,EQ,140,140.95,138.25,139.95,140.5,139.7,8462,1178721.8,08-MAR-2019,391,INE597J01018
SHALPAINTS,EQ,67,67.35,64.25,64.4,64.25,66.6,68297,4457852.85,08-MAR-2019,767,INE849C01026
SHANKARA,EQ,452.8,462.45,447,448.35,448.15,453.3,64934,29228039.95,08-MAR-2019,4207,INE274V01019
SHANTI,SM,25,25,25,25,25,26,3000,75000,08-MAR-2019,1,INE933X01016
SHANTIGEAR,EQ,121.95,122.75,121.2,122.4,122.75,121,11939,1459499.95,08-MAR-2019,143,INE631A01022
SHARDACROP,EQ,363.8,372.95,363.8,370.05,370,370.45,4390,1623856.3,08-MAR-2019,179,INE221J01015
SHARDAMOTR,EQ,1560.05,1570,1550,1553.3,1550,1552.35,3387,5280420.7,08-MAR-2019,157,INE597I01010
SHARONBIO,BZ,3.45,3.6,3.45,3.6,3.6,3.45,3000,10739,08-MAR-2019,7,INE028B01029
SHEMAROO,EQ,403,403,380,385.05,388.6,397.65,7175,2786206.55,08-MAR-2019,640,INE363M01019
SHILPAMED,EQ,377,380,376.5,377.1,377.5,377.85,7388,2798797,08-MAR-2019,522,INE790G01031
SHILPI,BZ,1.65,1.65,1.65,1.65,1.65,1.6,2916,4811.4,08-MAR-2019,9,INE510K01019
SHIRPUR-G,EQ,42,42.5,40.6,40.8,40.65,42,21998,912076.8,08-MAR-2019,168,INE196B01016
SHIVAMAUTO,EQ,39,39.5,37.2,37.65,37.5,38.9,56953,2166307.4,08-MAR-2019,674,INE637H01024
SHIVAMILLS,EQ,49.1,50.2,49.1,49.85,49.55,49.45,934,46514.8,08-MAR-2019,18,INE644Y01017
SHIVATEX,EQ,157.05,158,136.95,156,158,160.35,1732,264462.85,08-MAR-2019,121,INE705C01020
SHK,EQ,149.85,159.9,149.05,153.8,154.05,149.85,689330,106854122.5,08-MAR-2019,11381,INE500L01026
SHOPERSTOP,EQ,492,506.95,463,470.2,472,488.45,423093,204357767.5,08-MAR-2019,16397,INE498B01024
SHRADHA,SM,47.25,63.1,47.25,51.35,51.35,58.1,16000,795900,08-MAR-2019,5,INE715Y01015
SHREECEM,EQ,17450,17669.9,17350,17629.4,17650,17468.5,15235,266804000.05,08-MAR-2019,4960,INE070A01015
SHREEPUSHK,EQ,141.3,142.9,138.7,141.95,142,141.7,25389,3593743.2,08-MAR-2019,610,INE712K01011
SHREERAMA,EQ,6.7,7.2,5.75,6.2,6.25,6.2,24257,150908.65,08-MAR-2019,141,INE879A01019
SHRENIK,SM,91.75,91.8,88.25,88.5,88.95,89.7,69375,6231500,08-MAR-2019,65,INE632X01022
SHREYANIND,EQ,149.05,155.45,149,150.05,149.75,152.2,11657,1750028.4,08-MAR-2019,277,INE231C01019
SHREYAS,EQ,226.95,231.95,220.1,223.1,229,221.95,5014,1134797.3,08-MAR-2019,277,INE757B01015
SHRIPISTON,BE,1119,1119,1051.65,1094.95,1094.95,1106.95,31,33658.5,08-MAR-2019,17,INE526E01018
SHRIRAMCIT,EQ,1688.95,1689,1660.15,1678.85,1671,1675.85,7053,11783584.7,08-MAR-2019,844,INE722A01011
SHRIRAMEPC,EQ,10.65,10.85,9.7,10.5,10.35,10.65,148598,1558233.15,08-MAR-2019,571,INE964H01014
SHUBHLAXMI,SM,56.8,56.8,56.8,56.8,56.8,57.15,4000,227200,08-MAR-2019,1,INE01Z401013
SHYAMCENT,EQ,7.6,7.6,7.2,7.3,7.3,7.5,34761,253749.8,08-MAR-2019,54,INE979R01011
SHYAMTEL,EQ,8.1,8.1,8.1,8.1,8.1,8.3,1000,8100,08-MAR-2019,1,INE635A01023
SICAGEN,EQ,26.8,27.4,25.1,25.35,25.1,27.75,39724,1024525.25,08-MAR-2019,581,INE176J01011
SICAL,BL,135.3,135.3,135.3,135.3,135.3,146,2000000,270600000,08-MAR-2019,1,INE075B01012
SICAL,EQ,138.95,139.95,135.6,137.35,137,139.6,6053,830227.35,08-MAR-2019,318,INE075B01012
SIEMENS,EQ,1021,1030,1010.9,1023.85,1025.9,1021.4,268068,274299830.55,08-MAR-2019,11725,INE003A01024
SIGIND,EQ,42,42,40.45,40.85,41,41.2,6414,262161.65,08-MAR-2019,87,INE529F01035
SIIL,SM,34.9,34.9,34.9,34.9,34.9,36.3,2000,69800,08-MAR-2019,1,INE971P01012
SIL,BE,16.8,16.8,15.3,15.4,15.35,16,4290,66148.9,08-MAR-2019,18,INE173A01025
SILINV,EQ,188.1,188.1,181.6,182.6,181.6,186.6,2822,517643.7,08-MAR-2019,133,INE923A01015
SILVERTUC,SM,123.75,132,123.75,132,132,126,4000,503650,08-MAR-2019,4,INE625X01018
SIMBHALS,EQ,10.25,10.9,10.25,10.9,10.9,10.4,43961,471141.1,08-MAR-2019,73,INE748T01016
SIMPLEXINF,EQ,188,188.5,182.2,185.5,183,187.5,23833,4423172.7,08-MAR-2019,755,INE059B01024
SINTERCOM,SM,71,72,70,72,72,70,288000,20176500,08-MAR-2019,18,INE129Z01016
SINTEX,EQ,10.2,10.3,9.8,10,9.9,10.25,1624761,16265731.15,08-MAR-2019,3500,INE429C01035
SIRCA,SM,264.95,264.95,242,245.75,246,243.7,3200,798760,08-MAR-2019,4,INE792Z01011
SIS,EQ,835,845,815.55,824.4,820,840.65,3417,2849663.3,08-MAR-2019,221,INE285J01010
SITASHREE,BE,0.7,0.7,0.65,0.7,0.7,0.7,9669,6488.3,08-MAR-2019,14,INE686I01011
SITINET,EQ,4.6,4.6,4.6,4.6,4.6,4.4,22066,101503.6,08-MAR-2019,39,INE965H01011
SIYSIL,EQ,390,398.4,375.7,380.35,380.3,390.55,11633,4535668.6,08-MAR-2019,722,INE076B01028
SJVN,EQ,25,25.25,23.75,24.65,24.5,24.7,4041805,100072643.9,08-MAR-2019,15230,INE002L01015
SKFINDIA,EQ,1947,1975.1,1946,1959.6,1957.6,1959.1,7381,14486041.85,08-MAR-2019,3299,INE640A01023
SKIL,BE,12.95,12.95,11.75,12.95,12.95,12.35,6266,80509.7,08-MAR-2019,20,INE429F01012
SKIPPER,EQ,71.4,71.4,68.6,69.05,69.2,68.9,16950,1176795.85,08-MAR-2019,319,INE439E01022
SKMEGGPROD,EQ,55.55,58.1,55.05,56.55,56.7,55.95,16404,925196.05,08-MAR-2019,254,INE411D01015
SKSTEXTILE,SM,31.75,31.75,31.75,31.75,31.75,32.4,1000,31750,08-MAR-2019,1,INE507Y01016
SMARTLINK,EQ,82.95,83,80.05,80.6,80.1,81.6,1076,86705.95,08-MAR-2019,59,INE178C01020
SMLISUZU,EQ,765,775,753.05,760.65,765.15,762.75,27061,20599278.95,08-MAR-2019,2001,INE294B01019
SMPL,BE,0.4,0.45,0.4,0.45,0.45,0.45,4773,2120.95,08-MAR-2019,11,INE215G01021
SMSLIFE,EQ,594,594,564,572.7,572.05,577.5,3191,1835140.45,08-MAR-2019,361,INE320X01016
SMSPHARMA,EQ,65.5,67.8,65.45,66.45,66.25,66,23782,1586949.85,08-MAR-2019,299,INE812G01025
SNOWMAN,EQ,34,34.2,33.35,33.5,33.45,34.25,134375,4531902.6,08-MAR-2019,941,INE734N01019
SOBHA,EQ,436,443.5,434.35,438.5,438.5,437.5,81549,35783049.5,08-MAR-2019,5840,INE671H01015
SOFTTECH,SM,50,52.9,50,52.9,52.9,50,4800,247840,08-MAR-2019,3,INE728Z01015
SOLARA,EQ,380.3,386,375,378.6,384,380.3,348220,131455700.55,08-MAR-2019,1292,INE624Z01016
SOLARINDS,EQ,1038.7,1041.55,1010,1021.5,1020,1039.25,4998,5109179.5,08-MAR-2019,646,INE343H01029
SOMANYCERA,EQ,364.9,370.35,359.15,365,364.5,365.05,50109,18277196.3,08-MAR-2019,1183,INE355A01028
SOMATEX,EQ,5,5,5,5,5,4.8,3596,17980,08-MAR-2019,8,INE314C01013
SOMICONVEY,EQ,26,26.8,24.6,24.95,24.6,25.8,2009,50567.9,08-MAR-2019,33,INE323J01019
SONATSOFTW,EQ,340,340,330,331.05,330,338.95,64496,21539316.45,08-MAR-2019,2706,INE269A01021
SORILINFRA,EQ,310,332.9,309,331.7,329,317.05,99911,32684122.4,08-MAR-2019,1930,INE034H01016
SOTL,EQ,1033.05,1065,1032,1039.9,1032,1050.2,413,430596.85,08-MAR-2019,116,INE035D01012
SOUTHBANK,EQ,15.15,15.3,14.7,14.8,14.8,15.15,18213337,272943322.95,08-MAR-2019,7990,INE683A01023
SPAL,EQ,281.05,295,281.05,294.25,295,286.55,14040,4092827.25,08-MAR-2019,521,INE212I01016
SPARC,EQ,188.9,195.5,187.25,191.65,190.55,189.5,824857,159479099.65,08-MAR-2019,11564,INE232I01014
SPCENET,BE,0.9,0.95,0.9,0.95,0.95,0.95,2904,2613.8,08-MAR-2019,8,INE970N01027
SPECIALITY,EQ,93.25,99,92.95,95.05,94.75,93.3,101094,9719634.15,08-MAR-2019,1307,INE247M01014
SPENCERS,EQ,157.1,158,152,153.9,154,156,153631,23670874.6,08-MAR-2019,1930,INE020801028
SPENTEX,BE,1.45,1.45,1.45,1.45,1.45,1.4,435,630.75,08-MAR-2019,2,INE376C01020
SPIC,EQ,26.1,26.7,25.85,26.4,26.7,26.1,61640,1612513.25,08-MAR-2019,229,INE147A01011
SPICEMOBI,BE,9.1,9.1,8.55,8.95,8.95,8.8,1138,10154,08-MAR-2019,15,INE927C01020
SPLIL,EQ,48.45,49.45,47.1,48.9,49.2,48.45,23410,1139340.05,08-MAR-2019,417,INE978G01016
SPMLINFRA,EQ,32.15,32.9,31.4,32.25,32.4,32.95,7968,257434.05,08-MAR-2019,97,INE937A01023
SPTL,EQ,20.75,21.3,20.2,20.45,20.25,20.95,1502276,31007627.3,08-MAR-2019,5699,INE501W01021
SPYL,BE,0.25,0.3,0.25,0.25,0.25,0.3,129971,38040.75,08-MAR-2019,20,INE268L01020
SQSBFSI,EQ,497.15,499,496,496.05,496,498.45,1914,950399.95,08-MAR-2019,102,INE201K01015
SREEL,EQ,227.9,229.9,225.1,225.4,226,228.1,2701,612570.85,08-MAR-2019,136,INE099F01013
SREIBNPNCD,N7,970,970,970,970,970,970,1,970,08-MAR-2019,1,INE881J07DV3
SREIBNPNCD,N8,1040,1040,1040,1040,1040,1035,75,78000,08-MAR-2019,1,INE881J07DW1
SREIBNPNCD,NJ,968.98,968.98,966,966,966,924.94,4,3869.96,08-MAR-2019,2,INE881J07EL2
SREIBNPNCD,NP,945,945,851,914,914,944.32,135,122110,08-MAR-2019,5,INE881J08581
SREIBNPNCD,NU,954,954,954,954,954,915,3,2862,08-MAR-2019,1,INE881J08631
SREIBNPNCD,NW,1088,1088,1088,1088,1088,1089,200,217600,08-MAR-2019,1,INE881J08656
SREINFRA,EQ,30.55,32.25,30.35,31.8,31.85,30.6,2802623,88929714.15,08-MAR-2019,6770,INE872A01014
SREINFRA,NY,1198,1198,1198,1198,1198,1194,24,28752,08-MAR-2019,1,INE872A07TZ8
SREINFRA,Y1,910,970,801.1,970,970,970,687,649342.42,08-MAR-2019,29,INE872A07UB7
SREINFRA,Y9,936,936,936,936,936,940,100,93600,08-MAR-2019,1,INE872A07UJ0
SREINFRA,YH,911,911,911,911,911,929,1,911,08-MAR-2019,1,INE872A07UO0
SREINFRA,YJ,929,929,924,924,924,890,100,92650,08-MAR-2019,2,INE872A07UQ5
SRF,EQ,2344,2364.2,2331.8,2353.65,2352,2350.65,178890,419799578.1,08-MAR-2019,9542,INE647A01010
SRHHYPOLTD,EQ,169.9,170,161.5,165.2,163.9,169.9,9826,1616940.65,08-MAR-2019,340,INE917H01012
SRIPIPES,EQ,206.1,209.4,202.05,206.5,206.7,206.1,59926,12358012.85,08-MAR-2019,1211,INE943C01027
SRIRAM,SM,13.95,13.95,13.95,13.95,13.95,13.9,6000,83700,08-MAR-2019,1,INE634W01012
SRSLTD,BZ,0.3,0.3,0.25,0.25,0.3,0.25,269929,77866.45,08-MAR-2019,73,INE219H01039
SRTRANSFIN,EQ,1219.1,1227.95,1206.15,1220.4,1220,1229.1,677422,823462722.6,08-MAR-2019,27120,INE721A01013
SRTRANSFIN,Y8,1080,1082,1080,1082,1082,1076,20,21620,08-MAR-2019,2,INE721A07HI8
SRTRANSFIN,Y9,1098,1098,1098,1098,1098,1097.98,400,439200,08-MAR-2019,4,INE721A07HJ6
SRTRANSFIN,YA,1000.01,1000.01,1000,1000,1000,1000.5,505,505002.23,08-MAR-2019,9,INE721A07HK4
SRTRANSFIN,YG,1725,1725,1725,1725,1725,1712,35,60375,08-MAR-2019,2,INE721A07HO6
SRTRANSFIN,YI,970,971,970,971,971,970,138,133898,08-MAR-2019,3,INE721A07NU1
SRTRANSFIN,YJ,1025,1025,1025,1025,1025,1020.05,50,51250,08-MAR-2019,3,INE721A07NV9
SRTRANSFIN,YK,1020,1020,1020,1020,1020,1020,10,10200,08-MAR-2019,2,INE721A07NW7
SRTRANSFIN,YL,1000,1005,1000,1004.33,1005,1006.27,1800,1802168.75,08-MAR-2019,24,INE721A07NX5
SRTRANSFIN,YN,1029.9,1029.9,1020.9,1022.7,1020.9,1041,50,51135,08-MAR-2019,2,INE721A07NZ0
SRTRANSFIN,YP,976,976,976,976,976,1000,11,10736,08-MAR-2019,1,INE721A07OC7
SRTRANSFIN,YR,1000,1000,1000,1000,1000,987,50,50000,08-MAR-2019,4,INE721A07OE3
SRTRANSFIN,YV,984,985,984,985,985,983,41,40354,08-MAR-2019,3,INE721A07OM6
SRTRANSFIN,YX,975,975,975,975,975,975,168,163800,08-MAR-2019,7,INE721A07OO2
SRTRANSFIN,YZ,990,990,990,990,990,990,101,99990,08-MAR-2019,2,INE721A07OQ7
SSINFRA,SM,16,17.9,15.95,17.9,17.9,15.5,27000,454050,08-MAR-2019,8,INE182Z01015
SSWL,EQ,907.8,920,891,898.3,891.45,894.4,17155,15558884.75,08-MAR-2019,920,INE802C01017
STAMPEDE,BE,1.75,1.75,1.75,1.75,1.75,1.7,40127,70222.25,08-MAR-2019,31,INE224E01028
STAN,DR,52.85,52.85,41.35,45.85,41.35,51.45,21147,976603.7,08-MAR-2019,74,INE028L21018
STAR,EQ,441.4,442.7,430.7,432.65,431.6,439,900847,393391881.35,08-MAR-2019,12638,INE939A01011
STARCEMENT,EQ,98.05,101.5,98.05,100,99.55,98.9,154007,15245664.2,08-MAR-2019,427,INE460H01021
STARPAPER,EQ,129.7,130,125,125.7,125.7,129.7,58779,7423728.7,08-MAR-2019,1005,INE733A01018
STCINDIA,EQ,127.6,131.7,125.45,126.75,127.05,127.85,172937,22276424.95,08-MAR-2019,3249,INE655A01013
STEELCITY,SM,61,61,61,61,61,58.3,2000,122000,08-MAR-2019,1,INE395H01011
STEELXIND,EQ,16.3,16.3,15.4,15.85,16,15.75,25334,393052,08-MAR-2019,117,INE503B01013
STEL,EQ,96.15,96.5,93.5,94.45,95,95.6,4868,459188.05,08-MAR-2019,84,INE577L01016
STERTOOLS,EQ,275.15,280.8,272.1,275.1,272.1,280.2,5459,1511827.05,08-MAR-2019,222,INE334A01023
STINDIA,BE,8.9,8.9,8.5,8.5,8.5,8.9,55,475.5,08-MAR-2019,3,INE090C01019
STRTECH,EQ,268.55,275,266.15,268.85,269.7,266.9,1468131,398081274.3,08-MAR-2019,22955,INE089C01029
SUBEX,EQ,6.7,6.7,6.25,6.35,6.4,6.4,2973267,19455460.35,08-MAR-2019,1716,INE754A01014
SUBROS,EQ,263.3,268,251.5,261.65,257.5,260.7,37491,9831911.1,08-MAR-2019,1015,INE287B01021
SUDARSCHEM,EQ,346.05,348.55,342.05,343.95,343,344.25,13482,4656421.15,08-MAR-2019,518,INE659A01023
SUJANAUNI,BE,0.25,0.35,0.25,0.3,0.3,0.3,55556,16762.3,08-MAR-2019,35,INE216G01011
SUMEETINDS,EQ,4.2,4.6,4.1,4.55,4.6,4.2,289672,1289421.45,08-MAR-2019,414,INE235C01010
SUMMITSEC,EQ,533.9,533.9,514.1,515.4,515.55,516.05,829,429175.05,08-MAR-2019,61,INE519C01017
SUNCLAYLTD,EQ,3014.75,3060,2960,2978.05,2960,3060.65,1684,5049168.3,08-MAR-2019,710,INE105A01035
SUNDARAM,EQ,1.95,1.95,1.9,1.9,1.9,1.95,99442,190401.65,08-MAR-2019,493,INE108E01023
SUNDARMFIN,EQ,1553.85,1563.8,1530,1541.3,1536,1553.85,2109,3263781.35,08-MAR-2019,314,INE660A01013
SUNDARMHLD,EQ,98.9,100,95.5,98.55,99,97.8,65376,6411835.3,08-MAR-2019,5274,INE202Z01029
SUNDRMBRAK,EQ,329.45,330.75,325,328,325.5,329.05,2992,986722.2,08-MAR-2019,76,INE073D01013
SUNDRMFAST,EQ,519.35,524.95,510.5,517.65,516,519.35,47516,24715832.95,08-MAR-2019,2523,INE387A01021
SUNFLAG,EQ,49.65,50.4,47.6,48.25,48,49.8,101030,4918282.05,08-MAR-2019,1011,INE947A01014
SUNILHITEC,BE,1.3,1.3,1.25,1.3,1.3,1.25,478538,613550.1,08-MAR-2019,178,INE305H01028
SUNPHARMA,EQ,449.5,457.9,447.3,454.95,454.9,450.9,5040326,2291243909.1,08-MAR-2019,78653,INE044A01036
SUNTECK,EQ,388.6,408.85,385.65,405.25,403.3,394.6,901321,360757381.1,08-MAR-2019,10074,INE805D01034
SUNTV,EQ,614.85,620.2,591.3,595.65,596.6,613.7,2779842,1673291203.35,08-MAR-2019,46374,INE424H01027
SUPERHOUSE,EQ,129.9,130,124,124.3,124.7,128.8,3845,483930.65,08-MAR-2019,160,INE712B01010
SUPERSPIN,EQ,7.1,7.1,6.8,6.9,6.9,6.85,7062,49460.6,08-MAR-2019,24,INE662A01027
SUPPETRO,EQ,219.8,219.8,215,216.05,216,219.75,2552,553492.7,08-MAR-2019,145,INE663A01017
SUPRAJIT,EQ,218.7,221,210,217.85,220.5,215.5,32144,6919806.95,08-MAR-2019,1444,INE399C01030
SUPREMEIND,EQ,1080,1092.85,1072.25,1085.15,1084.9,1079.65,9505,10308435.25,08-MAR-2019,1444,INE195A01028
SUPREMEINF,EQ,24.8,26.2,24.25,25.4,25,25.2,13736,347170.1,08-MAR-2019,136,INE550H01011
SURANASOL,EQ,8.45,8.45,8.05,8.1,8.1,8.25,10453,85326.2,08-MAR-2019,58,INE272L01022
SURANAT&P,EQ,4.4,4.4,4.35,4.4,4.35,4.4,3836,16757.45,08-MAR-2019,12,INE130B01031
SURANI,SM,49,49,49,49,49,49.5,2000,98000,08-MAR-2019,1,INE01ZJ01015
SURYALAXMI,EQ,33.3,34.25,31.15,31.4,31.4,32.55,5337,171619,08-MAR-2019,88,INE713B01026
SURYAROSNI,EQ,263.9,268,262,264,263.75,259.45,253573,66990481.65,08-MAR-2019,4336,INE335A01012
SUTLEJTEX,EQ,41.55,42.3,41,41.5,41,41.8,4131,171965.6,08-MAR-2019,77,INE645H01027
SUVEN,EQ,268,271.8,263.45,265.25,266.2,266.45,749464,200835354.85,08-MAR-2019,14360,INE495B01038
SUZLON,EQ,6.9,7.65,6.6,7.3,7.35,6.9,223909559,1616616316.9,08-MAR-2019,123197,INE040H01021
SVLL,SM,81.6,81.6,81.6,81.6,81.6,81.7,3000,244800,08-MAR-2019,1,INE00CE01017
SWANENERGY,EQ,109.9,112.5,108.5,111.3,112,109.9,26160,2888267.3,08-MAR-2019,438,INE665A01038
SWARAJENG,EQ,1435.95,1454,1405.5,1413.15,1415,1450.5,3040,4318055.35,08-MAR-2019,321,INE277A01016
SWELECTES,EQ,264,264.9,253,259,253.5,261.75,3534,912623.55,08-MAR-2019,321,INE409B01013
SYMPHONY,EQ,1310,1325,1292.5,1301.75,1302,1313.4,16109,21114856.95,08-MAR-2019,2015,INE225D01027
SYNCOM,BE,2.2,2.2,2.15,2.2,2.2,2.1,68881,151362.2,08-MAR-2019,122,INE602K01014
SYNDIBANK,EQ,37.5,38,36.75,37.05,37,37.5,4515977,168421930.35,08-MAR-2019,7907,INE667A01018
SYNGENE,EQ,588.35,592,586.05,590.75,591.5,588.35,10001,5900432.65,08-MAR-2019,1308,INE398R01022
TAINWALCHM,EQ,68.5,70,66.3,68.3,68.5,70,2174,148668.95,08-MAR-2019,10,INE123C01018
TAJGVK,EQ,192.55,208.5,192.55,199.8,199.15,195.25,100920,20289987.45,08-MAR-2019,2135,INE586B01026
TAKE,EQ,144.5,145.9,140,140.85,140.5,143.65,441869,63222192,08-MAR-2019,8135,INE142I01023
TALBROAUTO,EQ,231.85,231.85,227.25,228.15,228,227.45,3314,756000.45,08-MAR-2019,125,INE187D01011
TALWALKARS,EQ,47,47.4,45.6,46.5,45.75,48,71024,3313198.7,08-MAR-2019,1089,INE502K01016
TALWGYM,EQ,113,115.1,112.95,114.05,113.7,114,15737,1801112,08-MAR-2019,272,INE627Z01019
TANLA,EQ,38,38.35,37,37.2,37,37.9,124254,4671294.6,08-MAR-2019,419,INE483C01032
TANTIACONS,BE,3.8,3.8,3.8,3.8,3.8,3.8,120,456,08-MAR-2019,1,INE388G01018
TARACHAND,SM,33.95,34,32.75,33.7,33.7,33,24000,806800,08-MAR-2019,10,INE555Z01012
TARAJEWELS,BE,1,1,1,1,1,0.95,53956,53956,08-MAR-2019,52,INE799L01016
TARAPUR,EQ,3.45,3.5,3.45,3.5,3.5,3.6,76500,267733.75,08-MAR-2019,16,INE747K01017
TARMAT,EQ,37.05,40.75,36.5,40.1,39.95,37.45,114438,4520559.4,08-MAR-2019,927,INE924H01018
TASTYBITE,EQ,8347.95,8425.05,8310.05,8397.9,8425,8408.4,351,2936460.2,08-MAR-2019,105,INE488B01017
TATACHEM,EQ,589.95,592,573,577.9,576,580.5,1935478,1127189275.65,08-MAR-2019,32710,INE092A01019
TATACOFFEE,EQ,92,93,90.25,90.95,91,90.2,393997,36023436.8,08-MAR-2019,4819,INE493A01027
TATACOMM,EQ,607.7,617,606.5,612.6,609.55,611.4,298771,182812987.9,08-MAR-2019,9597,INE151A01013
TATAELXSI,EQ,960,974,953,958,958,960.75,1062106,1024851181.1,08-MAR-2019,30465,INE670A01012
TATAGLOBAL,EQ,196,197.6,192.6,193.2,193.3,196.6,1542933,299816597.85,08-MAR-2019,16156,INE192A01025
TATAINVEST,EQ,843.7,846,836.55,838.45,837.45,843.8,7131,5990099.9,08-MAR-2019,537,INE672A01018
TATAMETALI,EQ,673.2,688,665,667.25,666,673.2,143059,96748013.3,08-MAR-2019,5833,INE056C01010
TATAMOTORS,EQ,187.8,187.95,180,181.2,180.7,189.3,28012914,5130598167.6,08-MAR-2019,172839,INE155A01022
TATAMTRDVR,EQ,93.5,93.95,90.7,91.6,91.25,94.9,4419931,406680043.45,08-MAR-2019,18683,IN9155A01020
TATAPOWER,EQ,70.45,70.75,68.85,70,70.15,70.55,6200799,432753673.55,08-MAR-2019,15990,INE245A01021
TATASPONGE,EQ,758,763,735,740,738.55,753.5,245312,184588059.85,08-MAR-2019,7687,INE674A01014
TATASTEEL,E1,58.5,59.75,54.15,54.15,54.15,60.15,1493614,83219691.05,08-MAR-2019,5945,IN9081A01010
TATASTEEL,EQ,516.8,518.6,506.3,507.85,508.2,521.15,6504847,3332249496.15,08-MAR-2019,72160,INE081A01012
TATASTLBSL,BE,30.35,30.5,29.5,30.1,29.9,30.3,201642,6088302.75,08-MAR-2019,808,INE824B01021
TBZ,EQ,65.7,65.7,64.3,64.75,64.8,66.15,81875,5322217.85,08-MAR-2019,1020,INE760L01018
TCFSL,NB,1038.75,1040,1034.06,1039,1039,1039.14,604,627333.7,08-MAR-2019,14,INE306N07KD6
TCFSL,ND,1038,1038,1033,1036,1036,1036.35,2966,3068676,08-MAR-2019,56,INE306N07KF1
TCFSL,NF,1046,1046,1045.2,1046,1046,1050.14,575,601190,08-MAR-2019,8,INE306N08292
TCI,EQ,298,300,297,297.9,297.1,295.7,8516,2544148.5,08-MAR-2019,279,INE688A01022
TCIDEVELOP,EQ,355,394.95,336,354,354,361,113,41307.15,08-MAR-2019,34,INE662L01016
TCIEXP,EQ,741,741.9,691.65,704.25,705,741,49385,35076462.85,08-MAR-2019,3731,INE586V01016
TCIFINANCE,EQ,15,15.65,14.8,14.95,14.9,15.25,17804,265794.85,08-MAR-2019,116,INE911B01018
TCNSBRANDS,EQ,814,831.5,814,819.8,820.05,833.05,13375,10967997.2,08-MAR-2019,708,INE778U01029
TCPLPACK,EQ,406,406,390.05,399.25,399.2,394.3,411,163323.9,08-MAR-2019,86,INE822C01015
TCS,EQ,2025,2033,2010.05,2022.7,2022.75,2013.3,2031071,4108921516.4,08-MAR-2019,116872,INE467B01029
TDPOWERSYS,EQ,127.05,136.5,125.95,127.4,127.4,127.4,138045,18065947.8,08-MAR-2019,2936,INE419M01019
TEAMLEASE,EQ,3020,3049.5,2940,2976.45,2980,3021.4,33267,99695529.8,08-MAR-2019,9298,INE985S01024
TECHIN,BE,5.55,6.05,5.55,6.05,6.05,5.8,1361,7599.05,08-MAR-2019,7,INE778A01021
TECHM,EQ,810.2,813.5,802.6,811.35,810.45,808.25,1437045,1163379979.2,08-MAR-2019,36086,INE669C01036
TECHNOE,EQ,233,234.85,229,233.8,233.05,233.65,7944,1839890.65,08-MAR-2019,414,INE285K01026
TECHNOFAB,EQ,92.9,99,92.9,97.95,98.9,93,14587,1412133.75,08-MAR-2019,198,INE509K01011
TEJASNET,EQ,180.1,181.75,169,171,170.9,180.9,75680,13163914.45,08-MAR-2019,1806,INE010J01012
TERASOFT,EQ,42,42,40.85,41,40.9,41.15,3645,149911.5,08-MAR-2019,57,INE482B01010
TEXINFRA,EQ,56.9,57,55.3,55.8,56,56.5,11039,625583.25,08-MAR-2019,90,INE435C01024
TEXMOPIPES,EQ,21.1,21.35,20.7,20.75,20.8,20.75,37719,787370.6,08-MAR-2019,206,INE141K01013
TEXRAIL,EQ,64.8,65.85,64,64.95,65.15,65.2,221937,14433610.2,08-MAR-2019,1251,INE621L01012
TFCILTD,EQ,116,116,113.75,114.35,114.05,115.6,179702,20618319.45,08-MAR-2019,3537,INE305A01015
TFL,EQ,4.6,5,4.5,4.7,4.95,4.8,1147,5229.55,08-MAR-2019,13,INE804H01012
TGBHOTELS,EQ,13.9,13.9,12.85,13,13.05,13.35,45248,594341.45,08-MAR-2019,195,INE797H01018
THANGAMAYL,EQ,354.85,363.9,335.5,339.85,337.25,354,7129,2489787.8,08-MAR-2019,405,INE085J01014
THEINVEST,EQ,152.95,154.5,143.55,149.55,150,147.15,6536,980173.1,08-MAR-2019,103,INE924D01017
THEJO,SM,580,580,575,575,575,580,400,231000,08-MAR-2019,2,INE121N01019
THEMISMED,EQ,304,309,300,306.4,308,302.15,1561,478988.9,08-MAR-2019,54,INE083B01016
THERMAX,EQ,979.9,987.75,948,964.9,982.4,974.55,490912,472532245.75,08-MAR-2019,13637,INE152A01029
THIRUSUGAR,BE,19.15,20.5,19,19.3,19.3,19.95,3718,71346.8,08-MAR-2019,35,INE409A01015
THOMASCOOK,EQ,217.5,218.1,214.6,215.7,215.3,217.45,118309,25579118.25,08-MAR-2019,2581,INE332A01027
THYROCARE,EQ,529,539,517.55,522,521.45,523.95,39658,20748177.9,08-MAR-2019,2176,INE594H01019
TI,EQ,15.9,16,15,15.35,15.5,15.65,65847,1016696.7,08-MAR-2019,204,INE133E01013
TIDEWATER,EQ,5465,5553.95,5444,5490.4,5510,5520.15,550,3018154.05,08-MAR-2019,331,INE484C01022
TIFIN,EQ,482,485.05,471.2,482.05,476.75,480,8798,4222850.5,08-MAR-2019,441,INE149A01033
TIIL,EQ,559.05,563,554.75,559.6,559.9,565.35,4868,2710933.2,08-MAR-2019,129,INE545H01011
TIINDIA,EQ,387.95,388.75,371.45,380.85,377.2,384.85,27341,10368639.55,08-MAR-2019,1794,INE974X01010
TIJARIA,EQ,16.35,17.3,16.35,16.6,16.6,16.85,12940,216357.25,08-MAR-2019,47,INE440L01017
TIL,EQ,256.05,264.45,255.8,259.3,258.6,260.55,6614,1718021.65,08-MAR-2019,342,INE806C01018
TIMESGTY,EQ,30.4,31.95,30.3,31.45,31.95,30,1528,47279.75,08-MAR-2019,18,INE289C01025
TIMETECHNO,EQ,104,104.95,102.2,102.9,102.9,104.9,135599,13999221.95,08-MAR-2019,1408,INE508G01029
TIMKEN,EQ,590.6,593.5,568.55,573,570,593.55,23130,13318171.35,08-MAR-2019,1245,INE325A01013
TINPLATE,EQ,154.95,156.6,151.3,152.35,152.3,154.55,599179,92228362.4,08-MAR-2019,7736,INE422C01014
TIPSINDLTD,EQ,68.1,70.25,67,67.7,67.7,69.9,2282,156062.85,08-MAR-2019,68,INE716B01011
TIRUMALCHM,EQ,91.95,94.4,91.2,93.35,93.6,91.2,794821,73913700,08-MAR-2019,4897,INE338A01024
TIRUPATI,SM,40.4,40.4,40.4,40.4,40.4,40.1,3000,121200,08-MAR-2019,1,INE238Y01018
TIRUPATIFL,SM,43,43,43,43,43,43,2000,86000,08-MAR-2019,1,INE319Y01016
TITAN,EQ,1044.75,1059.55,1037,1053.2,1053.9,1043.3,2179863,2293873362.4,08-MAR-2019,51868,INE280A01028
TMRVL,EQ,29.95,31.5,28.4,30.5,31,30,13798,419748.55,08-MAR-2019,166,INE759V01019
TNPETRO,EQ,35.85,35.85,35,35.2,35,35.5,67648,2386329.75,08-MAR-2019,557,INE148A01019
TNPL,EQ,208.85,226,208.1,220.1,218.6,208.5,401693,89029350.75,08-MAR-2019,8414,INE107A01015
TNTELE,BE,1.25,1.25,1.25,1.25,1.25,1.25,200,250,08-MAR-2019,2,INE141D01018
TOKYOPLAST,EQ,52.8,53.55,49.55,50.85,50.85,52.8,2120,108898.9,08-MAR-2019,94,INE932C01012
TORNTPHARM,EQ,1769.9,1787,1758.5,1782.2,1785,1775.4,210024,372415645.15,08-MAR-2019,17000,INE685A01028
TORNTPOWER,EQ,248.9,251.75,243.75,249.35,249.1,249.05,1042565,258828191.5,08-MAR-2019,12396,INE813H01021
TPLPLASTEH,EQ,142.3,163,137.25,148.95,147.8,140.25,719497,109675913,08-MAR-2019,4877,INE413G01014
TREEHOUSE,EQ,5.65,5.65,5.5,5.65,5.65,5.15,143258,809359.45,08-MAR-2019,132,INE040M01013
TREJHARA,EQ,27.65,28.55,27.4,27.75,27.65,27.7,1097,30550.8,08-MAR-2019,36,INE00CA01015
TRENT,EQ,332,339.45,327,335,334.55,333.45,139756,46814455.35,08-MAR-2019,1212,INE849A01020
TRF,EQ,129,133.8,124.35,125.45,124.85,129.45,127928,16650980.7,08-MAR-2019,2365,INE391D01019
TRIDENT,EQ,66,66.45,65,66,66,66.4,306998,20203420,08-MAR-2019,2619,INE064C01014
TRIGYN,EQ,81,83.5,78.4,79.6,79.55,80.15,125236,10256716.55,08-MAR-2019,1754,INE948A01012
TRIL,EQ,15.1,15.15,14.5,14.65,14.6,15.15,52538,778006.65,08-MAR-2019,191,INE763I01026
TRITURBINE,EQ,110.25,112.9,110.2,112.1,112,112.2,11019,1230336.15,08-MAR-2019,787,INE152M01016
TRIVENI,EQ,57.5,60.4,57.5,59,59.05,57.05,1153676,68170414.5,08-MAR-2019,6847,INE256C01024
TTKHLTCARE,EQ,702.05,713,694.95,704.75,708.95,702.55,1046,733018.1,08-MAR-2019,110,INE910C01018
TTKPRESTIG,EQ,8606,8850,8319.9,8644.5,8635,8569.75,14793,125612492.45,08-MAR-2019,5931,INE690A01010
TTL,EQ,56.3,56.3,54.25,54.95,55.7,55.25,1623,89342.5,08-MAR-2019,56,INE592B01016
TTML,EQ,3.5,3.55,3.4,3.45,3.5,3.5,430198,1486232.25,08-MAR-2019,665,INE517B01013
TV18BRDCST,EQ,35.85,36.15,35.7,35.85,35.95,36.2,3375782,121337136,08-MAR-2019,8284,INE886H01027
TVSELECT,EQ,185.7,191,184.55,187.75,187.65,184.5,80328,15135190.15,08-MAR-2019,2249,INE236G01019
TVSMOTOR,EQ,485.2,492,482.75,487,486.1,486.2,825189,402618972.1,08-MAR-2019,15206,INE494B01023
TVSSRICHAK,EQ,2253,2296.95,2243.1,2276.35,2279,2252.8,3566,8089014.4,08-MAR-2019,521,INE421C01016
TVTODAY,EQ,337.95,339,326,327.45,326.75,336.05,63152,20913923.2,08-MAR-2019,2127,INE038F01029
TVVISION,EQ,4.25,4.25,3.85,4.25,4.25,4.05,256522,1072549.7,08-MAR-2019,132,INE871L01013
TWL,EQ,71.8,73,70.95,71.25,70.95,71.75,250299,17982300.75,08-MAR-2019,2012,INE615H01020
UBL,EQ,1397.3,1404,1375.55,1381.8,1385,1388.3,573826,797666483.75,08-MAR-2019,16470,INE686F01025
UCALFUEL,EQ,177,178.85,174.25,175,174.55,177.6,4651,818416.9,08-MAR-2019,158,INE139B01016
UCL,SM,48,49.2,48,49.2,49.2,49.1,4000,194400,08-MAR-2019,2,INE00NI01015
UCOBANK,EQ,19.5,19.5,19.1,19.25,19.3,19.5,293797,5684482.9,08-MAR-2019,2124,INE691A01018
UFLEX,EQ,216.05,222,216.05,217.25,216.55,218.1,51693,11297244.4,08-MAR-2019,1964,INE516A01017
UFO,EQ,257,260,254.95,258.35,256.4,261.1,3940,1014371.25,08-MAR-2019,164,INE527H01019
UGARSUGAR,EQ,16.3,16.45,15.4,16.2,16.4,16.3,69890,1130620.1,08-MAR-2019,265,INE071E01023
UJAAS,EQ,7,7.8,7,7.45,7.35,7.25,600330,4491781.05,08-MAR-2019,681,INE899L01022
UJJIVAN,EQ,320.5,324.45,313.65,316.3,315.3,319.7,1088635,345877724.15,08-MAR-2019,11970,INE334L01012
ULTRACEMCO,EQ,3924.8,3986.15,3885.5,3972,3969,3912.8,253766,998521478.7,08-MAR-2019,15091,INE481G01011
UMANGDAIRY,EQ,53.8,53.85,51.6,51.8,51.7,53.2,3492,183023.4,08-MAR-2019,66,INE864B01027
UNICHEMLAB,EQ,196.5,202.35,196.5,197.55,198,196.05,78885,15712922.25,08-MAR-2019,1341,INE351A01035
UNIENTER,EQ,99.35,101.6,97.5,100.1,100.05,101.2,5220,518010.55,08-MAR-2019,107,INE037A01022
UNIINFO,SM,31.2,33.4,30.1,32.45,32.45,31.2,44000,1397800,08-MAR-2019,21,INE481Z01011
UNIONBANK,EQ,79.2,80.65,77.9,78.1,78.1,79.95,8790110,693491195.85,08-MAR-2019,22517,INE692A01016
UNIPLY,EQ,45.25,46.7,44.75,46.4,46.3,45.5,254512,11712908.25,08-MAR-2019,559,INE950G01023
UNITECH,BZ,1.55,1.55,1.55,1.55,1.55,1.5,523444,811338.2,08-MAR-2019,234,INE694A01020
UNITEDBNK,EQ,10.95,11.45,10.95,11.2,11.2,11.05,876258,9894148.95,08-MAR-2019,1150,INE695A01019
UNITEDPOLY,SM,15.65,15.65,15.65,15.65,15.65,16.05,3000,46950,08-MAR-2019,1,INE368U01011
UNITEDTEA,EQ,324.05,324.05,320.1,324,324,324.05,125,40218.6,08-MAR-2019,18,INE458F01011
UNITY,BZ,0.9,0.95,0.85,0.9,0.9,0.9,2705,2430,08-MAR-2019,9,INE466H01028
UNIVASTU,SM,79,80,79,79.5,80,78,3000,238500,08-MAR-2019,2,INE562X01013
UNIVCABLES,EQ,227.5,232.5,222.25,223.8,224.35,228.8,44650,10140853.45,08-MAR-2019,1167,INE279A01012
UPL,EQ,871.3,885,863.55,881.75,884.6,872.05,1780245,1553514096.7,08-MAR-2019,41746,INE628A01036
URJA,EQ,2.95,3,2.9,2.95,2.95,2.95,515624,1514109.5,08-MAR-2019,559,INE550C01020
USHAMART,EQ,35.05,35.85,34.15,34.7,34.7,35.3,425584,14888799.45,08-MAR-2019,1514,INE228A01035
USHERAGRO,BE,1.95,1.95,1.85,1.95,1.95,1.9,6821,12900.95,08-MAR-2019,17,INE235G01011
UTINEXT50,EQ,278.5,279.95,278,279.5,279.5,278,127,35422.05,08-MAR-2019,8,INF789FC1N82
UTINIFTETF,EQ,1158.55,1158.55,1156,1158.2,1158.2,1161.5,54,62544.45,08-MAR-2019,6,INF789FB1X41
UTISENSETF,EQ,384,456,383.99,389.61,387.98,385,2735,1109383.91,08-MAR-2019,172,INF789FB1X58
UTTAMSTL,EQ,10.1,10.6,10.1,10.6,10.6,10.1,565013,5946365.2,08-MAR-2019,528,INE699A01011
UTTAMSUGAR,EQ,141.55,145.2,138.95,141.95,143,142.15,170911,24404539.6,08-MAR-2019,2688,INE786F01031
UVSL,BE,0.15,0.15,0.1,0.15,0.15,0.1,751094,102164.7,08-MAR-2019,161,INE292A01023
V2RETAIL,EQ,277.95,282.75,276.1,279.4,278.7,281.15,16012,4464630.1,08-MAR-2019,1596,INE945H01013
VADILALIND,EQ,563.45,596,563.45,578.4,582,563.15,117440,68686275.4,08-MAR-2019,5805,INE694D01016
VAIBHAVGBL,EQ,635.25,666,628.25,652.95,656,635.2,10136,6532641.95,08-MAR-2019,654,INE884A01019
VAISHALI,SM,42,46,42,46,46,44.2,3200,140800,08-MAR-2019,2,INE972X01014
VAKRANGEE,EQ,49.45,53.25,48.6,51.85,51.8,49.15,13548555,689660480.15,08-MAR-2019,30609,INE051B01021
VARDHACRLC,EQ,40.75,41.5,40,40.5,40.5,40.7,1130,45994.15,08-MAR-2019,35,INE116G01013
VARDMNPOLY,EQ,10.45,10.45,10.1,10.3,10.2,10.25,8910,92308.75,08-MAR-2019,29,INE835A01011
VARROC,EQ,654.55,659.95,643,643.55,643.05,649.6,5912,3828520.45,08-MAR-2019,329,INE665L01035
VASCONEQ,EQ,15.9,16.1,15.5,16,16,15.9,184766,2928988.95,08-MAR-2019,507,INE893I01013
VASWANI,EQ,10.6,11.75,10.6,11.15,11.3,11.2,10271,115568.95,08-MAR-2019,81,INE590L01019
VBL,EQ,810,818.95,804,806.55,807.8,814.8,21635,17512855.7,08-MAR-2019,825,INE200M01013
VEDL,EQ,174.8,174.8,171.25,172.35,172.15,176.05,5797559,1002701239.8,08-MAR-2019,50549,INE205A01025
VENKEYS,EQ,2208,2228.9,2185,2192.05,2191,2217.35,52033,114567124.15,08-MAR-2019,4806,INE398A01010
VENUSREM,EQ,34.5,35,33.9,34.6,34.9,34.45,13556,464737.6,08-MAR-2019,250,INE411B01019
VERTOZ,SM,209,209.1,204.25,208.5,209,204.85,20400,4215780,08-MAR-2019,17,INE188Y01015
VESUVIUS,EQ,1194.85,1215,1187.2,1210.2,1214,1205,1540,1859225,08-MAR-2019,1157,INE386A01015
VETO,EQ,74.9,76.8,73.5,75.8,75.55,73.15,54180,4108216.35,08-MAR-2019,556,INE918N01018
VGUARD,EQ,217,220.3,213,213.75,214.5,217.45,759072,164651947.6,08-MAR-2019,15468,INE951I01027
VHL,EQ,2151.05,2260,2132.95,2160.35,2151,2187.3,290,628571.1,08-MAR-2019,121,INE701A01023
VICEROY,BE,3.4,3.45,3.4,3.45,3.45,3.3,7124,24576.8,08-MAR-2019,14,INE048C01017
VIDEOIND,BZ,3.6,3.6,3.6,3.6,3.6,3.45,93455,336438,08-MAR-2019,93,INE703A01011
VIDHIING,EQ,76.55,79.2,74.2,78.75,78.15,76.45,52458,4074889.15,08-MAR-2019,479,INE632C01026
VIJIFIN,EQ,0.95,0.95,0.95,0.95,0.95,0.9,66749,63411.55,08-MAR-2019,38,INE159N01027
VIJSHAN,BZ,6.85,6.95,6.35,6.35,6.35,6.65,15198,102339,08-MAR-2019,17,INE806F01011
VIKASECO,EQ,11,11.5,10.9,11.1,11.1,11,3239234,36892724.95,08-MAR-2019,1623,INE806A01020
VIMALOIL,BE,8,8.45,8,8,8,8.25,294,2356.05,08-MAR-2019,11,INE067D01015
VIMTALABS,EQ,195.4,207.4,194.45,203,202.4,196.45,93980,19086622.1,08-MAR-2019,1553,INE579C01029
VINATIORGA,EQ,1630,1651,1630,1640,1635,1620.5,36626,60130124.55,08-MAR-2019,3794,INE410B01029
VINDHYATEL,EQ,1555.35,1560,1491.9,1532.6,1534,1553.55,3766,5726205.5,08-MAR-2019,527,INE707A01012
VINYLINDIA,EQ,85,85.8,83.2,84.05,84.5,85.8,19633,1665527.55,08-MAR-2019,427,INE250B01029
VIPCLOTHNG,EQ,24.7,25,22.9,23.15,23.2,24.6,351081,8234813.3,08-MAR-2019,1669,INE450G01024
VIPIND,EQ,440,440,430.15,431.95,432.2,438.5,505746,219314393.4,08-MAR-2019,20453,INE054A01027
VIPULLTD,BE,41.3,41.3,41.3,41.3,41.3,39.35,2508,103580.4,08-MAR-2019,15,INE946H01037
VISAKAIND,EQ,404.65,404.7,390.35,392.7,391.15,402.45,14670,5790183.85,08-MAR-2019,744,INE392A01013
VISASTEEL,EQ,6.95,7.75,6.75,7.45,7.5,6.95,57529,421051.95,08-MAR-2019,230,INE286H01012
VISESHINFO,EQ,0.1,0.1,0.05,0.1,0.1,0.1,864041,72710.7,08-MAR-2019,153,INE861A01058
VISHNU,EQ,154.35,156.9,149.2,149.6,149.2,154.25,5432,819958.65,08-MAR-2019,191,INE270I01014
VIVIDHA,EQ,0.6,0.6,0.55,0.6,0.6,0.55,114681,66079.75,08-MAR-2019,325,INE370E01029
VIVIMEDLAB,EQ,25.05,25.3,24.3,24.45,24.4,25.45,201791,4986631.95,08-MAR-2019,1289,INE526G01021
VLSFINANCE,EQ,59.6,63.4,59.6,62.7,63,60.25,55737,3460574.1,08-MAR-2019,411,INE709A01018
VMART,EQ,2795,2863.9,2792.35,2817.45,2815.1,2795,43429,123172835.95,08-MAR-2019,7200,INE665J01013
VOLTAMP,EQ,1084.55,1087,1045.15,1051.45,1045.15,1073.85,1748,1853853.6,08-MAR-2019,236,INE540H01012
VOLTAS,EQ,590.05,596.6,588.1,593.7,593.4,593.75,949009,562870307.65,08-MAR-2019,50849,INE226A01021
VRLLOG,EQ,255,258.8,251.35,254.3,253.1,255.85,107791,27454069.75,08-MAR-2019,2029,INE366I01010
VSCL,SM,29.6,29.6,29.6,29.6,29.6,28.2,9000,266400,08-MAR-2019,3,INE551Q01028
VSSL,EQ,105.7,105.75,99.4,101.15,101,102.75,5265,536803.9,08-MAR-2019,225,INE050M01012
VSTIND,EQ,3389.95,3524.9,3389.9,3482.65,3475,3393.4,7329,25564153.85,08-MAR-2019,1741,INE710A01016
VSTTILLERS,EQ,1405.1,1430.95,1398.1,1405.05,1415,1409.75,28756,40573986.85,08-MAR-2019,606,INE764D01017
VTL,EQ,1050,1100,1043,1084.35,1082.8,1049.65,21085,22530697.1,08-MAR-2019,1762,INE825A01012
WABAG,EQ,331,332,323,328,326.05,325.3,129366,42403260.3,08-MAR-2019,3991,INE956G01038
WABCOINDIA,EQ,6407.5,6488.05,6256,6302.25,6273,6412.1,2092,13232172.45,08-MAR-2019,605,INE342J01019
WALCHANNAG,EQ,86.5,94.1,86.5,89.55,89.4,87.25,1030516,94246568.25,08-MAR-2019,10579,INE711A01022
WANBURY,BE,18.75,19.4,18.75,19,19,18.95,3107,59175.5,08-MAR-2019,8,INE107F01022
WEBELSOLAR,EQ,30.9,31.6,29.05,30.4,30.3,30.15,84789,2591235.05,08-MAR-2019,674,INE855C01015
WEIZFOREX,EQ,516.95,517,516.1,516.2,516.1,516.05,643,332107.8,08-MAR-2019,25,INE726L01019
WEIZMANIND,EQ,40,42,40,40.3,40.4,41,970,39456.3,08-MAR-2019,27,INE080A01014
WELCORP,EQ,120.2,121.5,117.4,117.8,117.85,119.8,526776,63002398.15,08-MAR-2019,4557,INE191B01025
WELENT,EQ,117.05,118,114,115.6,115.5,117.05,339028,39340777.3,08-MAR-2019,3840,INE625G01013
WELINV,EQ,154.95,154.95,147,154.9,154.9,154.95,101,15219.05,08-MAR-2019,18,INE389K01018
WELSPUNIND,EQ,60.45,61,57.6,58.55,58.6,59.95,783921,46016105.8,08-MAR-2019,3384,INE192B01031
WENDT,EQ,2967,3048,2929,3020.45,3020.4,3039.7,50,150827.1,08-MAR-2019,28,INE274C01019
WHEELS,EQ,996,996,956.15,969.8,975,995.2,2931,2854931.2,08-MAR-2019,409,INE715A01015
WHIRLPOOL,EQ,1565,1575,1541.95,1549.55,1550,1568.3,41636,64828003.95,08-MAR-2019,2818,INE716A01013
WILLAMAGOR,EQ,53,54.75,52.15,53.1,53.1,53.45,3555,190668.1,08-MAR-2019,290,INE210A01017
WINDMACHIN,EQ,65.5,66.3,64.8,65.5,65.1,65.1,142079,9278387,08-MAR-2019,929,INE052A01021
WINSOME,BE,1.05,1.1,1,1.1,1.1,1.05,666,677.8,08-MAR-2019,8,INE784B01035
WIPL,BE,98,99.5,92,99.5,99.5,95,1539,149080.5,08-MAR-2019,8,INE215F01023
WIPRO,EQ,261.1,262.25,256.55,257.7,257.6,268.85,27344869,7089838874.9,08-MAR-2019,151590,INE075A01022
WOCKPHARMA,EQ,424.8,429.9,416,421.8,421.8,427.15,1531464,647109929.85,08-MAR-2019,21495,INE049B01025
WONDERLA,EQ,284,284.65,281,282.4,281.25,281.5,22774,6429506,08-MAR-2019,1150,INE066O01014
WSI,BE,1.8,1.8,1.8,1.8,1.8,1.85,3882,6987.6,08-MAR-2019,19,INE100D01014
WSTCSTPAPR,EQ,271.95,271.95,261.8,264.65,265,269.8,63302,16881836.15,08-MAR-2019,3557,INE976A01021
XCHANGING,EQ,46.95,46.95,45.1,45.55,45.4,46.2,949,43053.75,08-MAR-2019,29,INE692G01013
XELPMOC,EQ,70,71,67.35,68.45,68.8,69.95,459873,31049796.1,08-MAR-2019,202,INE01P501012
XLENERGY,BE,0.65,0.75,0.65,0.75,0.75,0.7,10998,8187.95,08-MAR-2019,27,INE183H01011
XPROINDIA,EQ,38.9,38.9,36.5,37.1,36.8,37.85,13131,493308.15,08-MAR-2019,86,INE445C01015
YESBANK,EQ,231.7,234.9,229.5,232.3,231.7,231.7,23233663,5402123790.6,08-MAR-2019,144107,INE528G01027
ZEEL,EQ,459,461.6,451.45,455.1,454.75,459,4199115,1916961522.95,08-MAR-2019,57032,INE256A01028
ZEEL,P2,5.8,5.85,5.8,5.8,5.8,5.8,1486745,8697390.65,08-MAR-2019,20,INE256A04022
ZEELEARN,EQ,30.4,31.45,30.05,31.35,31.3,30.6,110319,3417135.85,08-MAR-2019,569,INE565L01011
ZEEMEDIA,EQ,20.55,20.55,18.65,18.8,18.8,19.6,5204463,100998156.4,08-MAR-2019,5911,INE966H01019
ZENITHBIR,BE,0.7,0.7,0.6,0.7,0.7,0.65,62677,43129.1,08-MAR-2019,30,INE318D01020
ZENITHEXPO,EQ,45,45.5,43.25,44.6,45.5,45.55,657,29458.85,08-MAR-2019,9,INE058B01018
ZENSARTECH,EQ,223.45,223.75,217,219.1,219.95,217.55,298544,65580716.45,08-MAR-2019,10476,INE520A01027
ZENTEC,EQ,78.2,78.5,75,75.9,75.55,77.7,26005,1989765.05,08-MAR-2019,440,INE251B01027
ZICOM,EQ,6.8,6.95,6.2,6.85,6.85,6.5,109927,741227.6,08-MAR-2019,182,INE871B01014
ZODIACLOTH,EQ,186.55,192.8,180.2,182,181.15,187.45,15270,2805166.9,08-MAR-2019,688,INE206B01013
ZODJRDMKJ,EQ,41.15,42.65,39.6,42.25,42.5,41.8,2027,84727.75,08-MAR-2019,52,INE077B01018
ZOTA,SM,264,266,264,264.15,264.15,264.05,12500,3307375,08-MAR-2019,22,INE358U01012
ZUARI,EQ,195.85,199,194.3,196.25,196.35,196.55,44830,8826260,08-MAR-2019,920,INE840M01016
ZUARIGLOB,EQ,112.4,113.35,111.4,111.6,111.9,113.2,15255,1713102.05,08-MAR-2019,361,INE217A01012
ZYDUSWELL,EQ,1281.85,1316.95,1276.1,1278.55,1284.8,1286.85,3741,4834504.9,08-MAR-2019,691,INE768C01010
